39
437
724
726
744
1085
1100
1132
1339
1656
1712
1848
2090
2175
2185
2214
2262
2265
2280
2291
2302
2401
2454
2617
2619
2662
2862
2888
3279
3326
3379
3835
3893
3900
3959
4149
4178
4760
4890
5032
5088
5092
5109
5133
5204
5267
5302
5350
5494
5507
5560
5598
5669
5725
5797
5914
6018
6497
6554
6693
6957
7133
7137
7394
7509
7610
7692
7703
7735
7763
7928
8222
8317
8496
8630
8682
8837
8845
8927
8927
8951
9024
9066
9135
9189
9203
9270
9340
9366
9424
9491
9517
9547
9612
9659
10044
10288
10403
10419
10718
10764
10783
10899
11016
11392
11393
11422
11546
11577
11608
11713
11713
11795
11835
12064
12136
12209
12222
12465
12605
12721
12734
12769
12916
13041
13256
13612
13703
13793
13833
13866
13886
13893
14160
14186
14227
14338
14698
14890
14989
15010
15033
15049
15133
15181
15298
15686
15741
15850
16281
16368
16596
16597
16860
16898
16974
16996
17024
17214
17366
17490
17527
17838
17894
17925
17952
18176
18309
18583
18843
18888
18937
18955
19399
19400
19467
19486
19662
19664
20046
20104
20409
20435
20511
20544
20695
20730
20791
20799
20859
20906
20914
21052
21089
21164
21195
21208
21299
21341
21479
21751
21803
21844
22080
22083
22167
22561
22563
22574
22584
22729
22783
22822
22942
23016
23226
23246
23292
23340
23531
23578
23677
23714
23778
23817
23881
24085
24389
24395
24535
24543
24555
24612
24653
24739
24765
24812
24855
25204
25283
25454
25473
25651
25771
25784
25823
25940
26095
26224
26627
26715
26779
26836
26920
27224
27417
27526
27533
27554
27582
27619
27641
27690
27731
27756
27970
27991
28396
28410
28448
28605
28744
28829
28871
28955
29421
29479
29479
29544
29684
29763
29973
29986
30007
30341
30402
30516
30945
30960
31075
31077
31095
31099
31123
31136
31196
31409
31441
31538
31579
31603
31691
31694
32140
32297
32307
32386
32628
32653
32887
33046
33063
33161
33516
33889
34031
34048
34084
34220
34348
34421
34561
34584
34698
34734
34914
35247
35361
35411
35448
35518
35536
35614
35667
35741
35807
35949
35970
36077
36312
36359
36472
36699
36789
36907
36987
37098
37755
37858
37982
38053
38057
38248
38260
38270
38286
38297
38623
38630
38695
38830
38836
38864
38892
39050
39067
39085
39123
39393
39465
39525
39612
39834
39866
39873
39972
40016
40041
40193
40307
40389
40520
40526
40571
40808
40816
40871
41082
41486
41526
41529
41782
41869
41975
42006
42013
42108
42178
42207
42412
42413
42573
42625
42667
42841
42841
43109
43229
43423
43465
43502
43635
43840
44197
44425
44589
44719
44767
44799
44863
44864
44906
45026
45090
45375
45463
45673
45840
45944
45981
46011
46079
46202
46480
46523
46623
46698
46855
46919
47014
47063
47113
47145
47184
47379
47467
47475
47530
47606
47761
47846
47960
48044
48054
48162
48176
48279
48364
48395
48633
48703
48706
48719
48828
48851
49038
49138
49192
49265
49317
49373
49541
49547
49570
49670
49942
49968
50011
50149
50159
50454
50511
50542
50966
51037
51113
51212
51504
51641
51718
52096
52097
52660
52850
52936
52965
53016
53277
53320
53352
53377
53459
53479
53545
53563
53643
53872
53900
54018
54102
54128
54308
54367
54371
54415
54418
54477
54506
54749
54789
54802
54848
54961
54963
55077
55080
55188
55197
55233
55331
55369
55558
55728
55822
55843
55847
55916
56050
56079
56117
56131
56347
56436
56537
56641
57020
57075
57258
57296
57298
57340
57573
58026
58035
58189
58215
58328
58338
58495
58499
58771
58818
58904
58904
59009
59011
59355
59551
59602
59617
59792
59803
59879
60068
60213
60222
60267
60401
60660
60703
60838
60854
61127
61314
61329
61469
61543
61582
61592
61630
61841
62009
62084
62093
62198
62304
62334
62386
62405
62416
62417
62835
62878
63009
63080
63206
63252
63380
63431
63506
63540
63639
63703
63973
64107
64407
64585
64595
64768
64987
64992
65091
65140
65159
65345
65357
65401
65423
65500
65559
65680
65888
66085
66172
66244
66365
66404
66457
66482
66570
66782
66796
66971
67080
67289
67619
67637
67816
67820
67824
68008
68081
68175
68177
68193
68204
68278
68324
68362
68500
68643
68839
69115
69342
69382
69469
69474
69503
69551
69582
69605
69695
69788
69823
70342
70357
70544
70917
71101
71219
71414
71436
71446
71541
71777
71989
72336
72342
72482
72579
72597
72692
72756
72777
72778
73130
73134
73145
73152
73261
73291
73467
73524
73527
73599
73608
73674
73713
73767
73781
74003
74027
74096
74254
74303
74314
74408
74555
74577
74728
74898
75016
75026
75210
75450
75461
76096
76141
76253
76342
76395
76448
76524
76553
76626
76672
76815
76885
77047
77199
77496
77606
77634
77864
77865
77905
77907
77972
77986
78097
78165
78206
78207
78508
78632
78766
79190
79448
79553
79607
79634
79688
79751
79798
79828
79872
79950
80247
80439
80487
80497
80547
80593
80893
80896
80940
80977
81091
81283
81337
81346
81350
81439
81537
81614
81655
81731
82009
82031
82048
82080
82239
82267
82301
82404
82409
82429
82440
82549
82663
82740
82981
83011
83103
83114
83388
83446
83513
83513
83796
83973
84151
84159
84190
84253
84609
84610
84879
84989
85088
85092
85096
85176
85317
85399
85510
85537
85632
85754
85764
85765
85828
85948
86017
86189
86290
86453
86604
86642
86671
86684
86704
86847
86974
86991
87036
87111
87113
87169
87206
87359
87426
87477
87700
87726
87917
87962
88000
88351
88510
88538
88601
88633
89033
89064
89083
89256
89268
89316
89565
89748
89836
89859
89874
89984
90048
90111
90365
90383
90394
90404
90459
90601
91038
91051
91106
91132
91139
91159
91673
91786
91998
92017
92029
92065
92085
92151
92179
92247
92363
92587
92729
92776
92936
93238
93313
93478
93659
93825
93975
94107
94144
94315
94374
94545
94563
94591
94635
94666
94713
94788
95038
95061
95357
95381
95390
95398
95424
95463
95476
95652
95677
95711
95837
96041
96131
96273
96351
96371
96417
96565
96738
96802
96892
97025
97058
97230
97231
97499
97539
97627
97757
97759
97772
97803
97818
97941
98002
98024
98028
98044
98249
98253
98543
98584
98600
98682
98693
98711
98761
98767
98819
98871
98943
98975
99018
99188
99242
99308
99312
99327
99501
99609
99665
99743
99856
100009
100070
100071
100119
100201
100203
100227
100280
100369
100583
100614
100830
100890
100901
101337
101494
101906
101967
102018
102052
102118
102189
102269
102445
102520
102555
102673
102723
102780
102822
103684
103708
103781
103805
103812
103859
103866
103915
104087
104091
104141
104179
104191
104351
104394
104434
104652
104939
104994
105176
105302
105479
105526
105529
105532
105544
105593
105819
105828
105943
106020
106235
106303
106344
106491
106536
106664
106764
106780
106817
106831
106888
106976
107015
107129
107153
107173
107242
107426
107475
107598
107636
107788
107836
107892
107986
108042
108100
108113
108201
108276
108461
108581
108631
108786
108909
108958
108986
109094
109122
109326
109370
109415
109518
109519
109684
109698
109915
109995
110146
110159
110245
110463
110498
110580
110588
110629
110781
110857
111238
111297
111371
111526
111585
111609
111632
111738
111788
111877
111992
112072
112637
112746
112786
112788
112985
113235
113273
113377
113405
113598
114095
114166
114383
114478
114563
114719
114731
114744
114907
114998
115066
115137
115138
115193
115337
115462
115489
115604
115639
115732
115870
115940
115947
116054
116205
116273
116299
116339
116359
116461
116544
116894
117069
117154
117492
117509
117542
117630
117687
117701
117752
117797
117807
117843
117855
117928
118069
118084
118094
118177
118257
118326
118460
118479
118678
118769
118783
118851
118854
118955
119031
119132
119312
119326
119366
119523
119576
119654
119717
120018
120085
120095
120127
120409
120528
120609
120635
120638
120673
120685
120688
120748
120813
120936
121029
121807
121812
121868
122066
122107
122371
122398
122433
122516
122774
122892
123110
123217
123324
123415
123525
123530
123549
123609
123699
123967
124109
124161
124205
124227
124269
124300
124346
124439
124574
124654
125416
125484
125859
125866
125970
125980
126051
126087
126100
126153
126176
126223
126389
126452
126533
126579
126592
126760
126937
126979
127125
127180
127257
127466
127575
127586
127670
127811
128077
128184
128187
128297
128397
128465
128592
128625
128701
128705
128760
128826
128832
128875
128898
128900
128931
128944
129105
129233
129240
129339
129351
129486
129531
129561
129562
129636
129769
129818
130247
130305
130333
130354
130368
130433
130439
130462
130542
130656
130669
131033
131039
131064
131143
131145
131401
131421
131832
131901
131907
131929
131952
132027
132180
132192
132197
132208
132276
132305
132325
132360
132616
132628
132785
133114
133194
133324
133324
133361
133362
133412
133592
133644
133836
133884
133888
133890
133990
134051
134085
134359
134435
134546
134586
134612
134649
134818
134819
134880
135117
135232
135505
135566
135950
135988
135994
136027
136046
136151
136152
136239
136241
136273
136431
136492
136511
136641
136714
136832
136881
136898
136925
137329
137360
137431
137448
137510
137626
137733
137802
137931
137956
138018
138044
138200
138241
138268
138273
138375
138648
139011
139013
139016
139240
139536
139662
139721
139781
140312
140348
140519
140562
140847
141294
141305
141385
141503
141717
141950
141962
141989
142110
142463
142663
142727
142796
143143
143177
143252
143360
143382
143387
143431
143445
143699
143805
143841
143915
144056
144059
144217
144219
144270
144437
144469
144595
144745
144768
144825
144990
145139
145204
145328
145331
145408
145439
145468
145678
145784
145878
145943
146014
146457
146651
146796
147138
147175
147224
147226
147404
147609
147643
147724
147752
147847
147985
148060
148113
148206
148266
148378
148671
148837
148858
149302
149310
149383
149399
149457
149509
149512
149520
149645
149668
149689
149731
149847
149855
150139
150310
150580
150643
150701
150762
151127
151152
151240
151281
151426
151455
151504
151875
151882
151896
151962
152119
152248
152267
152295
152339
152594
152595
152614
152644
153051
153197
153202
153211
153278
153440
153563
153840
154164
154254
154288
154365
154594
154629
154751
154993
155124
155171
155234
155299
155332
155427
155434
155561
155632
155925
156135
156217
156260
156290
156296
156361
156493
156539
156556
156594
156668
156668
156982
157186
157283
157478
157501
157534
157548
157621
157701
157801
157845
157852
157855
158151
158242
158265
158692
158822
159128
159203
159236
159325
159394
159516
159604
159633
159658
159741
159904
160012
160149
160165
160250
160273
160448
160464
160712
160904
160928
161741
161791
161883
161910
161956
162136
162223
162310
162586
162591
162670
162889
163100
163113
163119
163152
163364
163517
163899
163931
163953
163982
164051
164106
164311
164383
164463
164542
164702
164822
164965
165008
165031
165188
165326
165344
165394
165506
165646
165745
165900
166488
166515
166545
166701
167020
167051
167085
167155
167276
167486
167810
168131
168175
168340
168660
168676
168870
168883
168900
168904
168991
169045
169142
169327
169397
169414
169454
169577
169784
169854
169891
170086
170505
170613
171022
171115
171120
171265
171467
171854
171857
172078
172155
172401
172449
172460
172587
172608
172632
172676
172846
172852
172882
172964
173113
173115
173209
173419
173478
173511
173574
173634
173715
173884
173894
173913
174079
174197
174381
174405
174444
174559
174627
174844
174971
174977
175083
175165
175213
175291
175512
175593
175866
175934
176098
176295
176303
176424
176441
176533
176664
176722
177016
177073
177101
177137
177146
177239
177355
177422
177607
177674
177688
177702
177809
177838
177915
178017
178201
178209
178360
178623
178710
178728
178741
178826
178851
178856
178872
178879
178895
179083
179329
179495
179586
179700
179730
179759
179763
180030
180038
180262
180517
180576
180645
180852
180865
180866
180895
180896
181044
181052
181088
181189
181230
181486
181601
181793
181865
181896
181904
181922
182189
182227
182378
182497
182737
182745
182853
182980
183025
183145
183193
183201
183202
183274
183369
183493
183549
183562
183574
183739
183945
184131
184219
184234
184235
184357
184440
184504
184710
184804
184942
185013
185029
185050
185056
185137
185161
185164
185234
185256
185364
185428
185442
185583
185710
185805
186078
186086
186147
186254
186293
186420
186436
186539
186739
186843
187302
187381
187559
187604
187611
187630
187862
187912
188078
188103
188268
188436
188617
188735
188781
189026
189333
189339
189373
189426
189769
189856
189950
189954
190094
190120
190133
190272
190629
190769
191105
191109
191111
191350
191352
191400
191750
191786
191971
192418
192466
192482
192875
192979
193038
193043
193057
193147
193207
193230
193260
193298
193317
193630
194197
194533
194910
194948
195141
195149
195170
195312
195387
195411
195416
195434
195460
195575
195613
195670
195684
195936
195957
195985
196022
196295
196443
196445
196521
196672
196681
196801
196820
196853
196940
197019
197167
197343
197352
197485
197562
197768
197817
197905
197913
198049
198223
198238
198247
198284
198297
198318
198442
198536
198565
198634
198975
199228
199568
199604
199652
199816
199831
199850
199979
200130
200187
200260
200418
200572
200698
200724
200780
200845
200981
201008
201117
201240
201256
201441
201472
201654
201756
201761
201765
201868
201874
202104
202205
202280
202310
202392
202471
202570
202634
202660
202673
202731
202837
202922
202937
203118
203268
203270
203290
203449
203638
203715
203792
203892
204026
204103
204144
204173
204197
204260
204781
204965
205310
205336
205397
205410
205660
205773
205858
206487
206835
207005
207096
207145
207234
207257
207269
207509
207776
207814
207905
207926
207939
208034
208279
208325
208338
208372
208412
208429
208444
208479
208489
208536
208597
208697
208834
208876
209119
209169
209376
209487
209635
209648
209867
209897
209980
210007
210057
210073
210076
210103
210130
210199
210436
210455
210553
210725
210768
210775
211028
211154
211260
211344
211360
211635
211661
211826
212116
212149
212259
212683
212758
212994
213000
213069
213265
213283
213538
213569
213574
213588
213622
213997
214003
214268
214291
214353
214376
214656
214853
214876
214916
214945
215037
215139
215253
215518
215580
215636
215856
215985
216058
216133
216269
216272
216321
216371
216499
216515
216808
216906
217103
217371
217418
217508
217664
217732
217769
218058
218319
218480
218502
218744
218746
218920
219024
219244
219337
219424
219543
219628
219698
219811
220499
220529
220564
220591
220641
220708
220833
220847
220902
221016
221146
221149
221174
221201
221313
221319
221399
221672
221825
221953
222293
222303
222367
222387
222410
222449
222492
222504
222675
222749
222825
222923
222967
223033
223299
223500
223717
223752
223810
223833
223917
224257
224426
224479
224677
224789
224830
224982
225088
225212
225250
225489
225541
225725
225751
225752
225792
225829
226020
226281
226310
226440
226594
226809
226834
227098
227159
227322
227341
227347
227348
227432
227519
227539
227541
227641
227726
227868
227898
228105
228165
228214
228266
228386
228436
228553
228639
228640
228813
228876
228991
229367
229419
229504
229530
229539
229577
229600
229745
229816
229817
229842
230002
230028
230080
230401
230489
230495
230551
230781
230802
230821
230857
230949
231033
231063
231072
231102
231510
231584
231725
231914
231968
232056
232170
232259
232298
232411
232416
232479
232655
232706
232965
233007
233045
233231
233363
233527
233867
233940
233995
234098
234202
234248
234636
234674
235097
235111
235388
235510
235555
235561
235684
235747
235755
235934
235959
236154
236209
236358
236410
236429
236489
236554
236865
236962
237026
237187
237258
237284
237564
237726
237781
238176
238294
238301
238305
238314
238340
238364
238376
238475
238687
238687
238769
238981
239080
239127
239326
239406
239475
239510
239542
239711
239822
239833
240084
240191
240365
240480
240526
240888
240892
240986
241100
241201
241378
241391
241418
241642
241773
241788
241811
242021
242099
242123
242330
242478
242546
242595
242796
242891
243031
243142
243144
243339
243448
243456
243496
243695
243695
243732
243858
244052
244138
244313
244381
244428
244492
244510
244512
244577
244669
244704
244714
244877
244995
245002
245124
245421
245434
245630
245789
245877
245940
245968
246040
246403
246414
246505
246755
246797
246902
246942
247073
247245
247254
247453
247478
247592
247601
247700
247763
247910
248116
248219
248389
248418
248424
248640
248663
248691
248776
248938
249035
249064
249100
249165
249218
249331
249373
249427
249439
249625
249928
250047
250132
250297
250312
250373
250443
250503
250538
250555
250725
250737
250803
250881
251106
251151
251190
251210
251239
251286
251435
251497
251606
251704
251853
251961
251970
252083
252089
252102
252111
252254
252354
252380
252404
252407
252416
252600
252609
252646
252716
252875
252910
252986
253030
253189
253237
253261
253379
253528
253729
253816
253852
254096
254160
254220
254310
254329
254486
254704
254708
254813
254905
254947
255274
255318
255431
255515
255556
255620
255622
255639
255692
256159
256246
256396
256537
256572
256764
256782
256942
256985
257080
257105
257116
257207
257228
257465
257597
257775
257824
257887
257962
258165
258221
258258
258272
258332
258377
258500
258542
258579
258587
258619
258835
258855
258877
258904
258999
259202
259232
259380
259489
259667
259757
259792
260272
260283
260324
260340
260472
260695
260742
260948
261010
261026
261050
261067
261133
261148
261303
261402
261409
261431
261572
261580
261596
261610
261625
261631
261837
261840
261909
262216
262288
262363
262410
262452
262553
262734
262754
262898
263020
263109
263166
263206
263255
263324
263339
263403
263621
263655
263800
263835
263997
264036
264090
264137
264403
264527
264716
264729
264963
264987
265211
265261
265270
265369
265479
265552
265589
265707
266233
266472
266559
266849
266918
267055
267081
267130
267285
267748
267752
267875
267960
268233
268286
268291
268370
268390
268507
269082
269152
269166
269179
269226
269277
269279
269334
269349
269364
269379
269518
269611
269723
269852
269891
269948
270013
270248
270289
270371
270378
270616
270629
270762
270932
270947
271009
271024
271155
271203
271225
271290
271405
271532
271612
271841
271876
271927
271935
271946
271990
272017
272129
272140
272149
272451
272591
272852
272988
273029
273176
273221
273381
273382
273436
273437
273484
273674
273758
273807
273995
274384
274521
274524
274581
275147
275249
275285
275486
275549
275584
275697
275838
276079
276114
276179
276300
276310
276341
276394
276394
276742
276793
276874
276901
277367
277378
277453
277494
277505
277591
277878
278251
278607
278871
278912
278936
279288
279310
279316
279443
279542
279573
279579
279611
279633
279645
279655
279788
279793
280040
280057
280062
280220
280233
280283
280295
280301
280363
280578
280583
280615
280636
280674
280689
280823
280979
281022
281196
281198
281319
281327
281332
281396
281444
281459
281686
281887
281888
281896
282081
282119
282203
282263
282379
282471
282481
282484
282499
282527
282545
282553
282631
282674
282733
282921
282989
283208
283215
283221
283248
283314
283640
283711
283711
283843
284005
284013
284069
284133
284439
284481
284526
284576
284626
284687
284715
285025
285159
285244
285337
285516
285764
285915
285919
286086
286089
286146
286393
286644
286823
286923
286987
287175
287306
287488
287503
287522
287694
287696
287817
287840
287969
288024
288050
288138
288188
288457
288719
288963
289009
289113
289160
289213
289329
289465
289685
289748
289814
289890
289926
290133
290147
290184
290187
290216
290316
290322
290375
290394
290455
290506
290563
290573
290586
290727
290828
290932
290954
291059
291094
291137
291509
291686
291792
291914
292011
292221
292370
292471
292521
292578
292749
292830
292842
292874
293289
293465
293543
293590
293610
293756
294126
294322
294343
294353
294425
294697
294730
294809
294943
295159
295195
295267
295295
295302
295318
295319
295323
295457
295639
295691
295859
296077
296085
296120
296171
296199
296408
296409
296412
296563
296623
296706
296729
296880
297018
297091
297158
297365
297556
297651
297959
297969
298093
298130
298203
298306
298390
298641
298855
298985
299011
299048
299259
299286
299374
299593
299663
299812
299982
300004
300058
300125
300186
300403
300659
300721
300790
300995
301064
301073
301112
301130
301185
301195
301221
301232
301268
301325
301342
301374
301536
301584
301695
301926
301941
301960
302153
302161
302298
302495
302728
302753
302912
302914
302962
302996
303002
303072
303076
303187
303203
303279
303346
303348
303458
303558
303607
303631
303813
303949
303989
304018
304156
304192
304409
304476
304498
304524
304678
304811
304955
304959
305150
305307
305427
305451
305480
305524
306038
306205
306330
306451
306467
306506
306627
306630
306689
307063
307098
307150
307194
307260
307341
307413
307470
307718
307824
307840
308038
308157
308210
308356
308497
308675
308701
308705
308777
308954
308981
309022
309089
309121
309164
309167
309297
309338
309373
309393
309406
309643
309854
309884
309986
310047
310174
310463
310474
310549
310558
310699
310731
310832
310967
310974
311213
311410
311474
311521
311576
311644
311835
311853
312062
312196
312394
312563
312606
312651
312717
312753
312775
312954
313360
313619
313804
314050
314063
314330
314422
314655
314863
315141
315233
315292
315480
315538
315546
315614
315655
315658
315799
315808
316035
316183
316239
316324
316407
316517
316587
317107
317259
317408
317438
317512
317620
317768
317769
317843
317869
318033
318212
318337
318578
318797
318837
319159
319247
319360
319373
319403
319462
319501
319534
319542
319548
319557
319782
320039
320048
320050
320065
320241
320313
320432
320488
320588
320685
320860
320869
320874
320880
321095
321298
321439
321602
321701
321806
321848
321967
322040
322119
322244
322282
322344
322399
322404
322419
322597
322614
322882
323074
323296
323310
323434
323788
323807
323825
323878
323996
324084
324266
324284
324407
324445
324675
324818
324982
325007
325009
325016
325429
325565
326152
326221
326239
326335
326618
326664
326670
326747
326873
326914
327262
327522
327536
327797
327892
327978
328033
328190
328206
328234
328281
328343
328354
328534
328571
328578
328587
328709
328712
328734
328796
328823
328826
328893
328937
328960
329059
329088
329179
329225
329242
329398
329550
330002
330066
330259
330334
330369
330386
330627
330762
330765
330819
330838
330854
330863
330922
330973
331065
331289
331362
331502
331680
331725
331815
331857
331900
331963
332094
332119
332136
332182
332240
332492
332498
332561
332688
332916
333078
333185
333216
333532
333546
333575
333841
333864
333871
333922
333978
334209
334412
334412
334590
334632
334802
335391
335475
335528
335575
335603
335610
335623
335683
335789
336069
336471
336560
336657
336683
336890
337141
337216
337377
337388
337429
337436
337480
337777
337918
337992
338116
338348
338433
338516
338539
338543
339019
339060
339075
339081
339207
339624
339674
339694
339763
339823
339924
339957
339968
340031
340192
340204
340209
340228
340245
340375
340452
340664
340786
341134
341240
341341
341422
341450
341764
341800
341802
341840
341843
341899
341982
342022
342153
342160
342208
342288
342372
342638
342650
342835
343409
343501
343590
343643
343715
343805
343848
343892
344093
344206
344211
344241
344323
344441
344484
344508
344586
344752
344775
345051
345325
345432
345612
345664
345799
345904
346294
346364
346449
346472
346508
346536
346664
346764
346782
346788
346860
346891
346896
347061
347119
347163
347429
347736
347849
347937
347980
348086
348121
348123
348474
348513
348588
348590
348601
348652
348745
348748
349126
349143
349221
349272
349639
349654
349704
349921
349998
350014
350088
350114
350479
350502
350623
350671
350737
350829
350938
351054
351271
351422
351434
351469
351556
351594
351742
351757
351792
351844
351859
351971
352045
352212
352335
352392
352563
352712
352835
353004
353028
353120
353190
353240
353270
353276
353411
353784
353800
353924
353935
353962
354013
354175
354311
354313
354595
354644
354670
354769
354780
354793
354887
354945
354986
355080
355096
355117
355171
355328
355458
355697
355773
355954
355977
356219
356401
356456
356653
356808
356811
356883
357170
357331
357455
357594
357655
357819
357822
357911
357937
357962
358054
358247
358259
358288
358371
358477
359029
359070
359172
359230
359351
359369
359433
359492
359607
359632
359803
359915
359915
360185
360275
360370
360414
360638
360680
360803
361184
361223
361391
361403
361614
361682
361724
361756
361965
362120
362171
362394
362467
362616
362669
362910
363005
363052
363068
363079
363176
363178
363185
363302
363344
363393
363476
363523
363687
363712
363728
363802
363849
363972
364138
364280
364304
364354
364411
364786
364795
364894
365203
365243
365268
365316
365573
365574
365604
365636
365639
365661
365678
365790
365844
365864
366010
366010
366013
366029
366345
366440
366572
366815
366874
366994
367013
367058
367180
367207
367260
367339
367446
367455
367886
368124
368210
368336
369046
369137
369161
369191
369797
370013
370033
370232
370285
370342
370615
370798
370837
370841
370966
371107
371142
371460
371499
371519
371530
371682
371761
371777
371808
371942
372168
372235
372430
372484
372646
372660
372891
372978
373057
373441
373563
373601
373664
373716
373860
373887
373890
373958
373991
374162
374172
374283
374471
374629
374841
375063
375147
375273
375457
375506
375512
375711
375962
376290
376309
376432
376438
376524
376542
376550
376579
376749
376773
376780
376914
376970
376976
377037
377128
377144
377165
377169
377267
377761
377795
377859
377899
377919
378087
378137
378170
378178
378205
378327
378329
378422
378583
378654
378969
379045
379153
379230
379397
379408
379454
379634
379728
379793
379998
380128
380185
380320
380327
380348
380407
380979
381081
381256
381335
381940
381990
382099
382333
382343
382399
382482
382568
382578
382636
382730
382940
382954
382956
382956
383130
383151
383430
383471
383474
383595
383636
383637
383682
383807
383987
384031
384046
384182
384393
384455
384583
384648
384659
384695
384729
384854
385172
385181
385412
385538
385644
385758
385765
385782
385810
385873
385882
385926
385966
385972
386506
386798
386867
387042
387055
387063
387110
387122
387333
387488
387794
387840
387851
387929
388137
388181
388307
388634
388704
388853
388924
389042
389101
389131
389150
389256
389262
389412
389467
389700
389903
389922
389947
390114
390341
390357
390412
390711
390751
391012
391099
391119
391379
391494
391510
391728
391810
391951
391954
391996
392015
392026
392043
392128
392180
392298
392342
392415
392452
392676
392748
392784
392793
392837
393067
393187
393305
393315
393368
393402
393420
393446
393459
393546
393874
394034
394130
394212
394284
394377
394466
394524
394604
394631
394656
394711
394770
394784
394974
394994
395169
395199
395422
395431
395561
395615
395655
396117
396193
396239
396276
396400
396418
396455
396665
396697
396836
396960
397156
397579
397607
397700
397884
397976
398019
398135
398242
398356
398671
398718
398727
398763
398855
398888
399005
399129
399330
399759
399788
399935
399940
399986
400037
400510
400629
400682
400925
401034
401039
401043
401351
401420
401427
401516
401545
401549
401726
401754
401770
402033
402263
402263
402842
402848
402979
403049
403093
403096
403222
403234
403257
403573
403777
403958
404147
404238
404467
404491
404540
404707
404742
404759
404958
404991
405049
405318
405393
405511
405516
405537
405600
405698
405905
406012
406068
406090
406118
406279
406604
406689
406714
406954
406969
407071
407105
407245
407252
407543
407571
407610
407616
407842
407900
407986
407996
408068
408181
408215
408230
408390
408445
408528
408717
408776
408835
408945
409042
409104
409126
409246
409310
409415
409691
409708
409865
409926
409994
410042
410125
410156
410163
410189
410261
410441
410523
410617
410651
410700
410789
410933
410946
411470
411932
412100
412116
412233
412234
412349
412481
412499
412624
412727
412806
412832
412930
412968
413006
413019
413038
413065
413153
413280
413314
413339
413718
413895
413916
413922
413925
414100
414156
414325
414436
414483
414535
414587
414604
414808
414848
414849
414929
415051
415112
415198
415235
415246
415283
415574
415612
415848
416128
416198
416231
416327
416374
416501
416637
416642
416665
416869
416953
417117
417478
417541
417576
417732
417932
418176
418300
418370
418531
418629
418666
418818
418826
418876
419007
419177
419433
419671
419770
419812
419826
419839
420114
420139
420244
420342
420552
420600
420746
420759
420791
420868
420930
421260
421279
421494
421617
421686
421732
421736
421744
421834
421900
422663
422681
422953
422960
423142
423154
423192
423251
423345
423651
423790
423802
423810
423955
423998
424078
424144
424505
424553
424604
424727
424744
424766
424938
425058
425124
425285
425334
425393
425580
425587
425609
425727
425737
425908
425967
425983
425986
426043
426050
426137
426151
426171
426289
426462
426894
427197
427236
427314
427444
427463
427556
427562
427927
427982
428026
428142
428212
428233
428364
428451
428468
428490
428698
428706
428793
428828
429321
429333
429454
429629
429785
430080
430200
430300
430415
430615
430709
430978
431097
431472
431699
431743
431755
431941
432066
432155
432278
432283
432302
432322
432360
432499
432566
432645
432742
432799
432979
432989
433190
433202
433289
433629
433713
433724
433777
433806
433860
433868
434040
434172
434262
434593
434619
434661
434673
435094
435268
435387
435431
435510
435577
435683
435797
435893
435955
436041
436136
436203
436334
436490
436550
436700
436806
436858
436912
437001
437128
437172
437210
437217
437315
437322
437592
437798
437916
437944
437986
437995
438159
438237
438306
438325
438477
438646
438710
438789
439109
439174
439239
439257
439514
439607
439634
439697
439714
439893
440021
440131
440222
440288
440379
440420
440424
440554
440739
440920
440920
440943
440943
440972
441084
441162
441198
441452
441537
441573
441586
441730
441802
441817
441905
442007
442096
442450
442558
443097
443104
443116
443125
443133
443434
443572
443750
443890
443899
444092
444119
444260
444260
444456
444464
444523
444523
444643
444807
444890
445113
445135
445518
445763
445766
445787
445875
445890
445909
446221
446259
446270
446304
446312
446413
446524
446532
446747
446804
446907
447016
447046
447304
447631
447780
448038
448180
448317
448397
448532
448636
448659
448808
449181
449260
449277
449316
449631
449645
449959
450106
450380
450452
450491
450503
450504
450643
450845
451062
451087
451110
451201
451495
451579
451865
451912
451946
451988
452013
452110
452111
452138
452195
452463
452526
452572
452575
452653
452778
452953
452956
453009
453242
453280
453283
453339
453518
453588
453613
453782
453855
453984
454000
454032
454179
454216
454223
454240
454261
454368
454431
454582
454608
454678
454684
454794
455060
455115
455275
455338
455507
455637
455746
455753
455995
456107
456197
456230
456496
456541
456631
456691
456749
456793
457125
457159
457192
457232
457250
457454
457455
457563
457753
457781
457857
457915
457983
457995
458041
458218
458304
458350
458454
458579
458584
458740
458942
459070
459071
459336
459337
459408
459425
459445
459491
459495
459632
459681
459726
459797
459810
460273
460403
460501
460632
460651
460662
461126
461165
461183
461323
461345
461525
461619
461765
461862
461965
461993
462094
462104
462226
462402
462457
462679
462784
463077
463176
463330
463360
463529
463602
463643
463738
463950
463982
464076
464191
464286
464405
464408
464585
464675
465133
465620
465782
465829
465911
465927
466021
466195
466229
466296
466535
466960
466986
467006
467271
467271
467344
467587
467759
467759
467764
467792
467892
468100
468116
468137
468159
468288
468291
468686
468855
469836
470292
470593
470624
470825
470825
470998
471047
471182
471253
471267
471272
471485
471685
471919
471945
472050
472068
472093
472187
472259
472728
472737
472928
473149
473194
473268
473276
473456
473497
473634
473685
473710
473721
473728
473929
473958
474011
474042
474065
474074
474466
474512
474534
474544
474599
474704
474812
475039
475060
475083
475167
475170
475299
475327
475336
475410
475533
475568
475592
475644
475652
475783
475934
476071
476123
476252
476264
476298
476489
476543
476549
476597
476810
476913
476937
476994
476997
477084
477441
477449
477541
477558
477613
477640
477653
478058
478089
478108
478119
478302
478549
478628
478749
478932
478945
478988
479084
479292
479364
479500
479560
479632
479684
479888
479922
479979
480045
480081
480211
480255
480364
480387
480396
480467
480507
480610
480777
480827
480901
480932
480981
481016
481368
481425
481459
481830
481835
481944
482037
482241
482360
482367
482467
482487
482554
482604
482766
482854
483026
483054
483323
483444
483455
483483
483873
483924
483952
483965
484005
484006
484027
484047
484125
484139
484150
484337
484369
484419
484563
484600
484668
484687
485018
485056
485245
485268
485288
485302
485331
485385
485477
485566
485588
485636
485707
485886
485919
485939
485996
486333
486408
486528
486591
486648
486716
486780
486803
486847
486932
487015
487187
487220
487239
487297
487449
487497
487498
487514
487577
487791
487941
488030
488164
488678
488835
489020
489064
489553
489578
489586
489591
489723
489825
489870
489972
489989
489989
490048
490051
490068
490069
490104
490195
490275
490650
490710
490724
491015
491016
491604
491683
491955
492098
492154
492223
492229
492260
492366
492453
492648
492774
492841
492880
492905
492966
493144
493145
493177
493181
493259
493349
493458
493654
493741
493964
494006
494089
494094
494133
494161
494279
494336
494383
494425
494458
494480
494514
494562
494567
494815
494924
495034
495114
495131
495153
495185
495195
495211
495357
495378
495383
495466
495495
495543
495716
495717
495766
495844
495865
495988
496029
496059
496086
496090
496126
496354
496390
496452
496512
496890
496908
497248
497512
497862
497989
498072
498456
498474
498519
498588
498825
498895
498977
499131
499149
499281
499302
499336
499562
499708
499862
499886
499961
500011
500298
500367
500499
500526
500745
500769
500770
500839
501092
501170
501258
501312
501441
501685
501720
501923
501935
502064
502272
502335
502426
502461
502493
502576
502805
502885
503235
503323
503348
503364
503365
503556
503694
503724
503822
503933
503997
503998
504139
504242
504318
504485
504513
504576
504632
504675
505145
505228
505239
505253
505330
505372
505414
505436
505504
505523
505535
505679
505797
505813
505835
506063
506075
506199
506237
506331
506457
506565
506710
506836
506858
506888
506960
507172
507219
507289
507302
507310
507321
507355
507366
507386
507389
507430
507552
507849
507939
508067
508165
508303
508315
508348
508484
508504
508584
508703
508796
508822
508931
509121
509212
509272
509286
509299
509316
509353
509592
509901
509934
510094
510117
510286
510511
510537
510573
510659
510965
511122
511127
511141
511277
511403
511550
511845
512194
512243
512252
512294
512387
512487
512596
512604
512626
512890
512983
513148
513287
513305
513328
513546
513658
513676
513721
513772
513852
513959
514049
514123
514136
514194
514284
514370
514502
514530
514558
514732
514918
514978
515051
515053
515145
515336
515396
515543
515627
515639
515724
515889
515951
516074
516155
516197
516282
516286
516311
516531
516593
516870
516926
517025
517363
517413
517426
517485
517939
517970
518015
518030
518119
518133
518190
518215
518274
518315
518403
518557
518662
518766
518845
518928
518991
519107
519153
519173
519206
519214
519223
519336
519508
519606
519848
519850
519855
519858
519981
520328
520330
520407
520425
520426
520433
520682
520764
520877
520931
521232
521252
521293
521353
521385
521449
521488
521750
521846
521876
521901
522133
522337
522409
522644
522728
522981
523689
523729
523950
523976
524043
524367
524482
524591
524663
524717
524724
524730
524799
524996
525116
525125
525154
525156
525193
525306
525403
525403
525472
525692
525719
525995
526094
526306
526318
526332
526378
526385
526468
526685
526844
526941
526947
527040
527072
527341
527400
527578
527585
527632
527917
528043
528069
528259
528265
528368
528485
528574
528830
528905
529001
529028
529038
529082
529158
529210
529253
529301
529838
529893
529971
530181
530286
530402
530461
530551
530653
530698
530716
530835
530861
531064
531196
531294
531397
531561
531607
531895
531979
532080
532123
532124
532151
532231
532365
532471
532550
532659
533249
533343
533387
533412
533428
533544
533553
533678
533819
533824
533864
533880
533921
534167
534170
534294
534408
534464
534522
534709
534716
534736
534766
534806
535051
535157
535309
535575
535754
535815
535861
535990
536081
536296
536328
536422
536471
536519
536572
536725
536745
536818
536863
536871
536997
536999
537142
537179
537274
537284
537357
537389
537886
537898
538024
538197
538200
538316
538326
538353
538438
538443
538444
538583
538641
538682
538834
539113
539208
539479
539861
539876
540042
540146
540158
540166
540170
540296
540746
540863
540915
541051
541427
541744
541757
541789
541901
541913
542008
542009
542036
542266
542570
542696
542786
543091
543099
543242
543303
543510
543648
543783
543832
543861
544190
544253
544443
544446
544489
544568
544589
544982
545015
545057
545269
545317
545618
545637
545684
545715
545727
545832
545886
545936
546120
546128
546181
546317
546324
546616
546640
546698
546719
546792
546943
546952
547029
547149
547163
547171
547236
547296
547301
547321
547349
547468
547536
547716
547768
547812
547840
547900
547988
547998
548037
548176
548241
548242
548314
548345
548447
548600
548654
548681
548746
549061
549080
549086
549153
549156
549163
549330
549361
549368
549431
549533
549870
549922
550076
550336
550421
550443
550584
550733
551114
551234
551393
551425
551479
551493
551680
551733
551771
551833
551975
551982
552111
552132
552219
552386
552406
552531
552586
552906
553068
553259
553384
553524
553808
553865
554019
554037
554195
554228
554445
554573
554761
554773
555081
555237
555508
555712
555717
555731
556018
556052
556068
556107
556280
556291
556357
556443
556478
556503
556895
557007
557169
557205
557261
557322
557464
557522
557543
557561
557705
557808
557852
558021
558087
558145
558348
558538
558628
558684
558702
558771
558837
558985
559008
559034
559083
559084
559088
559163
559213
559226
559301
559373
559376
559387
559645
559983
560077
560142
560321
560425
560462
560579
560633
560989
560993
560999
561086
561227
561403
561498
561576
561680
561859
561989
561996
562047
562106
562118
562127
562345
562822
562877
562911
562976
563449
563626
563656
563712
563905
563948
564025
564369
564385
564485
564497
564528
564585
564598
564799
564843
564867
564962
564965
565001
565034
565062
565207
565257
565305
565351
565405
565497
565677
565679
565714
565838
566074
566120
566179
566255
566312
566420
566500
566551
566699
566704
567084
567225
567246
567324
567602
567831
567959
567960
567986
568152
568165
568170
568179
568185
568302
568316
568360
568680
568856
568865
568936
569333
569346
569377
569619
569798
569997
570127
570310
570323
570353
570384
570387
570449
570505
570546
570557
570690
570919
570997
571260
571275
571410
571525
571666
571673
571960
571972
571983
571988
572018
572068
572644
572698
572898
573013
573023
573106
573114
573179
573420
573837
573986
574039
574048
574090
574098
574190
574210
574295
574381
574525
574584
574804
574885
575035
575257
575383
575545
575554
575809
575965
576238
576260
576287
576326
576476
576599
576928
577078
577131
577245
577487
577555
577859
577893
578021
578027
578085
578181
578264
578341
578383
578592
578687
578705
578780
579244
579286
579307
579423
579562
579632
579935
580036
580139
580296
580355
580390
580408
580515
580717
580726
580739
580764
581004
581039
581061
581119
581123
581218
581353
581396
581420
581497
581688
581727
581733
581753
581771
581776
582052
582069
582128
582361
582486
582527
582732
582906
583055
583132
583229
583288
583613
583746
583786
583792
583894
584709
584718
584856
584884
584898
584901
584954
585278
585548
585619
585925
586126
586244
586283
586322
586436
586528
586830
587430
587535
587558
587586
587643
587732
587759
587789
588008
588102
588104
588112
588116
588120
588252
588510
588552
588753
588801
588901
589222
589239
589281
589405
589451
589696
589954
590220
590249
590257
590276
590491
590491
590602
590647
590685
590999
591119
591129
591173
591180
591212
591461
591642
591743
591755
591875
591986
592183
592401
592484
592495
592499
592601
592735
592859
593047
593260
593293
593446
593496
593661
593762
594019
594209
594226
594251
594252
594499
594749
594785
595224
595696
595833
595862
595915
595923
595972
596034
596094
596172
596254
596286
596372
596579
596836
596972
597280
597320
597376
597447
597664
597705
597937
598026
598073
598142
598243
598256
598455
598504
598505
598604
598684
598740
598822
598932
599001
599016
599051
599071
599262
599349
599405
599459
599572
599595
599732
599900
599955
600214
600237
600239
600293
600347
600472
600596
600701
600798
600816
600883
600990
600994
601004
601032
601096
601100
601162
601273
601353
601534
601653
601671
601695
601714
601843
601860
601878
601946
602095
602186
602204
602209
602220
602301
602358
602469
602470
602506
602571
602650
602811
603002
603071
603333
603378
603552
603790
603848
603973
604065
604085
604228
604308
604373
604397
604549
604550
604649
604655
604845
605102
605112
605275
605677
605687
605752
605922
606080
606120
606365
606408
606491
606693
606883
607016
607188
607277
607515
607574
607642
607714
607845
607854
607995
608248
608258
608286
608425
608479
608490
608540
608744
608783
608840
608844
608876
608903
608994
609166
609265
609320
609518
609531
609531
609615
609688
609690
609848
609919
609961
609974
610024
610091
610198
610386
610429
610499
610706
611054
611085
611093
611097
611450
611478
611536
611606
611635
611697
611855
611935
612027
612080
612111
612164
612222
612349
612403
612471
612565
612680
612746
612772
612801
612857
612901
612934
613018
613125
613315
613442
613462
613466
613552
613590
613620
613688
613845
613859
614012
614064
614067
614157
614189
614218
614232
614304
614476
614791
615012
615038
615090
615119
615156
615266
615274
615523
615543
615603
615698
615768
615797
615844
615897
616021
616085
616117
616146
616154
616177
616445
616551
616682
616698
616846
616855
617032
617122
617255
617288
617394
617449
617689
618077
618155
618353
618458
618510
618631
618659
618667
618676
618944
619187
619217
619236
619478
619600
619636
619698
619782
619854
619980
620011
620152
620159
620252
620293
620308
620501
620527
620781
620784
620901
620943
621112
621132
621176
621194
621213
621279
621377
621427
621686
621704
621772
621836
621887
621991
622099
622173
622238
622256
622443
622504
622509
622541
622599
622612
622633
622657
623039
623147
623220
623321
623551
623768
623796
623837
623890
623987
623994
624031
624303
624366
624471
624519
624795
624897
624918
625018
625055
625066
625148
625176
625199
625458
625468
625620
625639
625720
625891
625931
626005
626077
626550
626605
626615
626631
626747
626828
626953
627271
627278
627365
627411
627611
627723
627848
627855
628091
628102
628304
628363
628459
628792
628874
629002
629241
629260
629264
629354
629451
629470
629506
629773
630054
630115
630176
630305
630422
630617
630622
630745
630879
630974
631119
631262
631483
631529
631595
631680
631738
631808
631832
631936
631988
632080
632129
632178
632230
632345
632426
632549
632572
632673
632849
632990
633119
633130
633220
633293
633445
633595
633608
633617
633711
633902
633945
634355
634365
634558
634698
634800
635021
635104
635106
635166
635197
635197
635201
635365
635471
635541
635645
635992
636009
636087
636129
636212
636217
636358
636443
636445
636643
636705
636839
636930
637083
637202
637231
637376
637377
637450
637462
637539
637591
637596
637671
637822
637871
638107
638109
638132
638137
638347
638401
638425
638460
638588
638784
638848
638958
638982
639087
639172
639182
639218
639309
639383
639387
639403
639849
640022
640062
640088
640156
640256
640262
640500
640523
640576
640587
640742
640765
640776
640857
640892
640916
640933
641238
641320
641571
641859
641923
641999
642063
642353
642535
642568
642747
642792
642799
642820
643025
643057
643168
643548
643579
643622
643632
643654
643715
643778
643790
643807
644057
644138
644190
644381
644430
644632
644733
644795
644801
644844
644918
645017
645154
645158
645200
645301
645341
645791
645798
645860
645960
646008
646120
646166
646293
646355
646440
646578
646800
646882
646923
647007
647116
647125
647422
647452
647563
647571
647601
647808
647848
648105
648205
648221
648247
648304
648372
648414
648593
648637
648650
648757
648900
649069
649089
649229
649263
649388
649424
649541
650043
650462
650506
650602
650663
650820
651430
651514
651535
651541
651794
651898
652262
652536
652568
652661
652826
652909
652930
653072
653077
653078
653115
653233
653251
653251
653331
653424
653512
653676
653730
653732
653748
653753
653788
653843
653886
653950
654024
654070
654116
654241
654245
654417
654518
654767
654844
654967
655101
655191
655273
655313
655371
655380
655526
655528
655569
655607
655623
655723
655773
655800
655824
655865
655927
655966
656082
656208
656306
656353
656570
656570
656610
656675
656679
656688
656889
656969
657148
657154
657202
657337
657399
657511
657548
657564
657677
657736
657766
657800
657856
657906
657955
657981
658002
658268
658268
658349
658548
658725
658791
659001
659029
659111
659214
659272
659309
659482
659650
659740
659833
659947
659983
659990
660147
660154
660318
660349
660517
660624
660635
660692
660772
660801
660814
660842
661003
661541
661585
661780
661965
662168
662283
662390
662412
662601
662605
662637
662671
662787
662796
662804
662976
663093
663348
663355
663392
663578
663724
663782
663794
663955
664016
664140
664212
664218
664289
664394
664677
664727
664913
664991
665134
665220
665256
665417
665495
665643
665699
665767
665902
665944
666269
666290
666506
666634
666907
667020
667057
667300
667450
667552
667694
667762
667873
667928
667966
668024
668133
668375
668425
668488
668508
668541
668568
668576
668647
668785
668828
668898
668992
669100
669258
669285
669309
669536
669721
669798
669909
669968
669982
670013
670345
670577
670634
670683
670686
670701
670750
670805
670879
671264
671291
671390
671405
671584
671600
671662
671681
671711
671895
671899
671973
672048
672117
672125
672224
672431
672523
672571
672584
672620
672840
673132
673182
673398
673557
673675
673777
673780
673855
673894
673991
674168
674203
674330
674507
674513
674585
674768
674832
674846
674899
674995
675213
675395
675469
675535
675545
675619
675656
675658
675708
675821
675835
675960
676070
676380
676403
676656
676706
676720
676724
676982
677055
677152
677293
677305
677439
677475
677580
677700
677779
677831
677922
677927
678012
678015
678016
678021
678122
678200
678520
678572
678577
678684
678803
678832
679044
679055
679146
679260
679296
679529
679532
679630
679711
679766
679775
679875
679882
679989
680006
680077
680302
680414
680613
680773
680996
681027
681105
681143
681152
681184
681267
681295
681662
681678
681792
681898
682025
682174
682278
682446
682490
682702
682970
683013
683124
683350
683377
683380
683585
683689
683702
683915
683982
684141
684171
684803
684960
685027
685203
685213
685423
685513
685639
685837
685858
686071
686079
686115
686326
686331
686509
686623
686656
686830
686999
687127
687187
687217
687236
687270
687352
687386
687412
687476
687508
687523
687534
687590
687606
687631
687655
687658
687711
688123
688140
688173
688408
688548
688884
688923
689018
689177
689612
689640
689678
689783
689971
689974
690086
690111
690162
690181
690307
690310
690311
690398
690520
690553
690569
690675
690920
691025
691115
691159
691393
691472
691713
691793
691838
691869
691870
691870
691918
692032
692411
692479
692552
692604
692681
692946
692959
693004
693045
693056
693079
693080
693217
693547
693569
693598
693607
693635
693682
693897
693947
694068
694204
694231
694300
694302
694334
694411
694460
694585
694595
694741
694828
694861
694871
694898
695126
695275
695574
695731
695922
696290
696380
696417
696494
696606
696699
696931
696983
696986
697019
697083
697187
697288
697458
697467
697495
697638
697816
697988
698124
698255
698298
698685
698733
698757
699091
699187
699413
699476
699683
700105
700109
700147
700399
700501
700644
700662
700825
700929
701002
701258
701396
701426
701433
701449
701505
701694
701944
702028
702172
702217
702293
702317
702416
702427
702436
702507
702546
702547
702689
702746
702829
702840
702867
702885
702913
702924
702943
703439
703579
703621
703680
703699
703934
704192
704217
704219
704321
704472
704520
704555
704960
704960
704991
705123
705240
705256
705350
705414
705520
705712
705719
705872
706146
706226
706427
706705
706867
706973
706987
707097
707171
707327
707345
707411
707425
707463
707482
707534
707866
707948
708003
708191
708349
708502
708603
708665
708685
708924
708950
709021
709446
709604
709614
709623
709814
709940
710005
710031
710042
710048
710050
710116
710155
710236
710262
710360
710489
710753
711045
711144
711353
711372
711593
711699
711947
712104
712126
712230
712371
712424
712481
712646
712654
712694
712802
712812
712851
712953
713242
713309
713390
713546
713648
713722
713857
713897
714046
714233
714454
714543
714551
714684
714736
714823
714942
714992
715073
715203
715247
715258
715654
715700
715811
716036
716045
716243
716246
716345
716348
716348
716585
716693
716722
717072
717145
717158
717199
717321
717468
717494
717535
717581
717696
717777
717936
718004
718123
718148
718157
718323
718324
718420
718434
718455
718842
719201
719285
719346
719468
719553
719630
719700
719724
719735
719896
720084
720207
720252
720318
720403
720806
721130
721159
721294
721310
721395
721454
721569
721596
721740
721751
721789
721800
722003
722005
722038
722293
722332
722581
722604
722765
722856
722867
722895
722904
722917
722972
723047
723336
723603
723670
723690
723832
723880
724231
724252
724546
724911
725103
725537
725605
725637
725749
725753
725913
725934
725971
725983
726045
726177
726342
726548
726702
726934
726961
727013
727025
727121
727293
727326
727366
727437
727538
727544
727618
727618
727642
727716
727796
727913
728396
728511
728588
728603
728662
728690
728814
728887
728934
728992
729163
729173
729404
729522
729562
729663
729727
729767
729785
729814
729825
729970
730087
730137
730179
730302
730558
730786
730849
730888
731172
731406
731429
731438
731441
731541
731569
731594
731647
731712
731758
731951
731956
732008
732160
732220
732308
732371
732637
732668
732765
732795
732814
732850
732892
733042
733059
733178
733189
733332
733341
733450
733533
733540
733654
733788
733833
733837
734112
734136
734451
734509
734566
734720
734823
734930
734948
734952
734956
735145
735223
735235
735269
735440
735623
735675
735860
735921
736071
736160
736184
736273
736380
736397
736463
736473
736537
736797
736970
736990
736991
737032
737287
737408
737409
737862
738018
738020
738145
738200
738394
738413
738589
738913
738956
738969
739273
739346
739527
739639
739767
739818
739874
740023
740190
740197
740229
740294
740550
740587
740599
740672
740725
740821
741141
741165
741188
741244
741452
741510
741627
741648
741656
741676
741677
741719
741801
741988
742203
742271
742369
742492
742675
742797
742832
742864
742904
742942
742971
743010
743121
743302
743499
743534
743580
743770
743832
743843
744197
744477
744730
744772
744773
744810
745122
745216
745227
745443
745578
745632
745683
745690
745740
745872
746016
746066
746122
746137
746516
746561
746664
746776
747044
747177
747632
747750
747756
747822
747882
748085
748352
748856
748871
748905
748911
749003
749090
749194
749260
749318
749343
749368
749479
749515
749689
749870
749952
749964
749974
750009
750029
750074
750309
750445
750543
750688
750858
750920
751039
751119
751409
751416
751484
751758
751856
751887
751889
752007
752020
752347
752358
752485
752503
752526
752754
752837
752898
752912
752963
753137
753312
753446
753473
753509
753577
753614
753739
753762
753813
753909
753950
754074
754233
754261
754324
754531
754653
754711
755232
755259
755262
755344
755434
755596
755663
755671
755748
755869
755999
756245
756319
756381
756402
756416
756522
756581
756671
756746
756753
756807
756905
756910
756936
757002
757208
757223
757344
757357
757463
757623
757745
757769
757979
758096
758118
758131
758394
758448
758753
758766
758954
759063
759073
759109
759193
759218
759436
759529
759534
759823
759968
760164
760164
760252
760278
760402
760414
760449
760524
760703
760706
760773
760843
761055
761065
761086
761101
761208
761355
761360
761379
761507
761609
761766
761803
761849
761865
762084
762140
762165
762249
762257
762363
762389
762399
762432
762686
762725
762731
762734
762745
762868
762911
763208
763778
763868
764079
764187
764225
764226
764255
764282
764383
764388
764423
764444
764562
764590
764601
764732
764750
764824
764930
765137
765252
765267
765689
765719
765746
765769
765823
765898
765905
765924
765962
766283
766458
766486
766555
766556
766607
766618
766696
766852
767203
767268
767362
767362
767363
767471
767666
767745
767762
767785
767804
767953
767988
768076
768129
768260
768309
768322
768383
768392
768759
768780
768891
768995
769027
769237
769249
769311
769361
769449
769827
769870
769977
770027
770080
770168
770236
770254
770352
770365
770448
770499
770612
770656
770687
770691
770733
770921
771077
771105
771144
771170
771218
771550
771601
771654
771692
771852
771914
771965
771968
772007
772034
772139
772192
772220
772254
772365
772410
772621
772781
772815
772894
772993
773052
773056
773227
773401
773407
773411
773484
773979
774001
774073
774310
774388
774494
774589
774592
774745
774746
774775
774897
774915
775026
775132
775159
775183
775317
775473
775538
775586
775639
775833
775896
775914
775947
775997
776041
776205
776302
776329
776407
776671
776700
776735
776760
776911
777141
777264
777504
777636
777741
777851
777888
778014
778052
778348
778374
778439
778556
778727
778736
778941
779038
779190
779295
779572
779663
779702
779878
779892
779924
779979
780118
780218
780369
780375
780507
780586
780976
781052
781264
781301
781305
781456
781608
781687
781982
781986
782048
782133
782134
782142
782151
782347
782384
782389
782403
782425
782500
782592
782657
782898
782934
782978
783021
783125
783280
783336
783421
783769
783805
783838
784022
784042
784414
784635
784762
784817
785062
785224
785242
785244
785316
785328
785633
785699
785832
786060
786117
786138
786507
786558
786628
786706
786832
786957
787165
787194
787210
787308
787442
787474
787563
787624
787680
787828
787878
788047
788054
788102
788128
788355
788520
788526
788667
788707
788808
788872
789052
789140
789182
789183
789203
789228
789236
789608
789610
789657
789675
789730
789750
789781
789783
789862
789879
789954
790018
790107
790522
790660
790677
790737
790963
791203
791292
791305
791404
791515
791515
791530
791549
791555
791598
791648
791816
791900
791979
791986
792003
792093
792184
792233
792266
792281
792387
792511
792699
792790
792879
792977
792983
793147
793157
793193
793397
793421
793635
793842
793994
794104
794146
794291
794320
794326
794342
794462
794463
794540
794556
794734
794779
794827
794856
794919
795087
795243
795306
795340
795432
795440
795504
795522
795593
795699
795723
795741
795758
795803
795848
796030
796138
796467
796543
796590
796732
796964
797074
797083
797123
797362
797483
797713
797973
797988
798183
798285
798338
798501
798591
798862
798979
799126
799128
799180
799239
799276
799534
799582
799590
799607
799648
800086
800112
800144
800164
800184
800185
800248
800346
800449
800611
800717
800734
800766
800853
801101
801117
801221
801263
801336
801377
801509
801739
801846
801921
801994
802004
802071
802081
802137
802256
802716
802792
802817
802825
802838
802956
802970
803065
803077
803223
803286
803411
804057
804124
804295
804352
804375
804544
804865
804891
805118
805180
805269
805366
805402
805489
805542
805548
805555
805681
805851
805869
805996
806018
806231
806265
806373
806415
806430
806464
806532
806618
806657
806883
807037
807218
807300
807494
807509
807576
807807
807809
807874
808140
808514
808596
808775
808791
808889
808938
808951
809020
809039
809385
809512
809561
809698
809979
810040
810384
810388
810463
810470
810475
810477
811041
811126
811159
811251
811379
811651
811692
811912
812224
812319
812344
812678
813009
813212
813271
813386
813509
813590
813631
813840
813984
814163
814168
814423
814650
814935
814998
815044
815244
815382
815420
815483
815487
815494
815544
815601
815606
815641
815715
815752
815773
816023
816032
816210
816233
816283
816295
816354
816418
816610
816710
816735
817002
817054
817099
817106
817158
817232
817277
817293
817303
817363
817379
817470
817473
817966
818050
818068
818074
818220
818445
818592
818608
818615
818680
818794
818803
818937
818954
818958
818969
819087
819119
819120
819251
819275
819302
819328
819383
819428
819475
819630
819709
819807
819822
820021
820060
820080
820101
820257
820477
820568
820611
820684
820724
820750
820847
820891
820957
821228
821613
821648
821678
821711
821754
821758
821794
821839
821985
821991
822059
822070
822179
822185
822240
822331
822400
822501
822643
822711
822850
822940
823041
823237
823327
823357
823388
823513
823708
823752
823753
823795
823801
823897
824169
824219
824232
824391
824450
824466
824493
824538
824554
824760
824807
824861
824891
825053
825327
825533
825578
825589
825751
825763
825875
826117
826254
826304
826430
826643
826651
826669
826670
826743
827023
827049
827106
827165
827365
827407
827439
827614
827640
827667
827671
827826
827868
828022
828166
828197
828286
828296
828375
828456
828512
828568
828630
828734
828775
829169
829394
829637
829665
829786
829794
829855
829876
829879
829884
830152
830197
830313
830355
830386
830411
830491
830620
830696
830705
830738
830829
831071
831080
831099
831174
831225
831246
831272
831296
831327
831355
831373
831405
831446
831488
831522
831550
831579
831744
831764
832048
832136
832195
832234
832297
832307
832309
832520
832585
832709
832918
832955
833137
833173
833221
833327
833369
833423
833441
833485
833564
833914
833924
833942
833975
834108
834147
834229
834413
834440
834521
834904
834998
835058
835081
835180
835435
835477
835537
835647
835647
835870
835925
836119
836212
836261
836362
836432
836479
836871
837025
837045
837214
837281
837300
837413
837424
837425
837476
837481
837532
837561
837757
837869
838019
838141
838175
838221
838287
838368
838419
838533
838589
838670
838715
838842
839167
839232
839815
839845
839986
839998
840051
840145
840219
840353
840572
840711
840740
840759
840827
840920
840947
840958
841016
841027
841076
841179
841286
841406
841867
842032
842034
842091
842183
842203
842286
842306
842450
842528
842530
842551
842619
842713
843101
843211
843271
843271
843313
843351
843408
843426
843474
843611
843625
843709
843721
843746
843873
844232
844328
844368
844446
844511
844520
844562
844627
844667
844668
844682
844773
844797
844805
844871
844895
844904
845055
845216
845278
845401
845436
845700
845870
845907
845966
846025
846040
846199
846378
846671
846815
846832
846914
846973
847028
847169
847228
847283
847346
847353
847401
847430
847440
847679
847852
847861
847965
848163
848386
848538
848561
849175
849189
849195
849338
849391
849592
849800
849863
849870
850015
850052
850103
850141
850305
850362
850473
850498
850515
850856
850942
850997
851166
851253
851290
851439
851464
851582
851677
851678
851744
852133
852513
852681
852889
852899
852991
853011
853022
853068
853194
853346
853377
853635
853662
853697
853773
853793
854403
854431
854535
854604
854620
854723
854843
854957
854983
855509
855560
855768
855833
855961
855991
856066
856079
856275
856297
856348
856512
856697
856832
856943
857091
857425
857444
857570
857849
857913
858032
858072
858270
858401
858636
858665
858687
858801
858930
859023
859076
859091
859099
859103
859116
859208
859270
859390
859445
859477
859562
859566
859884
860340
860428
860482
860524
860546
860826
860867
861041
861045
861160
861362
861487
861517
861765
862123
862127
862249
862269
862279
862418
862558
862974
863052
863106
863140
863162
863289
863393
863394
863438
863519
863653
863796
863881
864096
864256
864743
864805
864986
865092
865125
865167
865545
865581
865677
865792
865882
865920
866236
866388
866491
866502
866567
866671
866725
866750
866797
867004
867124
867181
867236
867339
867417
867526
867681
867807
867848
868033
868087
868292
868326
868392
868501
868723
868935
868978
868994
869098
869231
869244
869268
869325
869376
869441
869635
869691
869794
869878
869917
869970
869981
870062
870079
870232
870249
870297
870623
870644
870736
871062
871188
871418
871478
871840
871889
871913
871989
872164
872207
872417
872449
872806
872898
873122
873129
873468
873744
873792
873810
874020
874379
874455
874792
874932
875058
875072
875123
875149
875242
875535
875538
875660
875733
875838
875851
875934
875943
875983
876232
876375
876413
876492
876538
876735
876780
877002
877034
877142
877168
877528
877528
877752
877986
878195
878460
878514
878533
878666
878700
878708
878962
879072
879115
879142
879194
879213
879356
879377
879471
879514
879541
879571
879711
879760
879861
879866
879891
879966
880133
880193
880262
880403
880477
880509
880529
880730
880806
880846
881172
881190
881253
881533
881618
881642
881745
881838
881845
882142
882466
882665
882878
882901
882951
883161
883198
883281
883407
883467
883556
883593
883895
883912
884029
884081
884143
884359
884444
884568
884690
884736
884856
884922
884999
885056
885233
885256
885442
885448
885453
885524
885825
885861
885919
886082
886131
886133
886210
886267
886356
886359
886373
886382
886407
886409
886422
886781
886905
887031
887098
887172
887230
887238
887287
887401
887434
887624
887709
887809
887879
887889
887922
888026
888029
888126
888135
888235
888269
888673
888683
888957
888978
889020
889097
889112
889214
889221
889223
889307
889338
889365
889483
889496
889600
889629
889708
889735
889872
889911
889914
890105
890268
890433
890605
890615
890644
890717
890842
890868
890996
891108
891238
891287
891290
891299
891376
891433
891522
891651
891790
891797
891893
891902
892037
892103
892155
892311
892318
892431
892627
893010
893077
893078
893378
893447
893500
893581
893591
893724
893732
893751
893934
894067
894192
894253
894680
894687
894833
895180
895411
895448
895469
895474
895487
895614
895629
895632
895683
895758
895888
895903
896131
896149
896275
896366
896375
896460
896470
896490
896708
896758
896766
896808
896813
896998
897067
897100
897131
897227
897612
897690
897795
897822
897864
898175
898208
898214
898217
898335
898389
898423
898452
898622
898652
898675
898784
898814
898817
898954
899054
899324
899353
899434
899538
899559
899564
899723
899810
899934
900021
900336
900458
900486
900551
900572
900573
900632
900648
900767
900784
900998
901063
901150
901373
901475
901535
901632
901716
901807
901884
901923
901997
902016
902115
902158
902229
902444
902490
902735
903185
903203
903267
903298
903325
903435
903456
903519
903530
903652
903670
904148
904272
904351
904362
904650
904687
904903
905017
905030
905224
905439
905602
905611
905763
906046
906319
906321
906611
906774
906795
906815
906829
906968
907301
907490
907713
907746
908040
908107
908150
908168
908403
908419
908528
908632
908727
908886
909146
909381
909400
909462
909601
909690
909730
909753
909934
909999
910033
910160
910325
910363
910379
910403
910641
910825
910886
911177
911209
911273
911294
911371
911372
911467
911642
911694
911960
911969
912001
912129
912271
912466
912525
912613
912681
912770
912775
912781
912985
913061
913099
913138
913364
913462
913650
913701
913818
913910
914158
914170
914180
914192
914221
914293
914343
914414
914483
914520
914675
914839
915014
915047
915148
915228
915498
915510
915541
915611
915669
915669
915834
915948
916019
916036
916069
916433
916455
916564
916920
916978
917237
917293
917450
917671
917847
917910
917972
918049
918082
918107
918123
918186
918263
918553
918640
918705
918716
918916
918953
919070
919108
919158
919274
919394
919427
919633
919787
919866
920009
920011
920012
920286
920403
920472
920509
920707
920843
920853
920939
920983
921027
921228
921286
921436
921438
921487
921626
922039
922047
922239
922276
922414
922501
922508
922512
922553
922572
922660
922759
922957
923010
923093
923129
923195
923279
923749
923788
923915
924264
924527
924721
924740
924829
924881
924973
924994
925052
925107
925139
925194
925285
925286
925375
925460
925488
925488
925698
925717
925800
925860
925921
926820
927022
927080
927130
927162
927189
927211
927550
927879
928023
928229
928290
928442
928475
928555
928751
928758
929037
929252
929262
929279
929330
929410
929644
929714
929764
929785
929853
929992
930040
930296
930440
930533
930568
930633
930735
930757
930913
931008
931072
931169
931187
931256
931392
931486
931491
931539
931579
931622
931646
931818
931888
931891
931902
932019
932212
932217
932590
932602
932650
933021
933086
933142
933187
933305
933318
933581
933584
933604
933745
933764
933791
934002
934004
934243
934419
934425
934502
934593
934666
934763
934843
934905
934952
935201
935254
935295
935299
935300
935438
935750
935830
935837
935994
936087
936106
936343
936508
936870
936900
936991
937028
937070
937218
937258
937263
937307
937308
937325
937517
937565
937586
937613
937649
937746
937935
938077
938157
938189
938215
938225
938413
938491
938524
938563
938726
939041
939121
939299
939537
939582
939597
939603
939668
939709
939723
939856
940043
940160
940208
940337
940423
940525
940566
940717
940800
940819
940892
941332
941431
941439
941486
941854
942112
942216
942290
942578
942604
942632
942729
942844
942915
943034
943077
943232
943286
943467
943523
943524
943538
943779
943899
944070
944113
944116
944254
944293
944594
944942
944999
945009
945013
945105
945173
945270
945276
945285
945286
945398
945421
945441
945443
945509
945881
945968
945970
946230
946245
946305
946444
946549
946577
946623
946762
946900
947004
947079
947100
947179
947217
947296
947475
947660
947738
947812
947875
948225
948230
948513
948604
948788
948925
948976
949251
949252
949316
949360
949404
949451
949485
949545
949694
949877
950037
950101
950142
950192
950397
950633
950659
950695
950704
950757
950884
950902
951089
951265
951311
951326
951334
951496
951498
951517
951582
951584
951750
951796
951863
951954
952004
952075
952085
952086
952184
952267
952276
952545
952632
952743
952821
952935
952975
953002
953012
953059
953060
953084
953199
953296
953304
953367
953493
953666
954082
954131
954149
954153
954299
954350
954598
954722
954963
955377
955422
955446
955503
955563
955644
955810
955981
956019
956200
956221
956272
956514
957189
957230
957391
957883
957890
957905
957921
958121
958267
958308
958484
958539
958547
958584
958600
958658
958720
958857
958909
958925
959054
959365
959450
959467
959663
959869
960109
960159
960198
960215
960245
960286
960303
960332
960491
960548
960621
960729
960759
960826
960911
960931
960997
961073
961120
961208
961238
961256
961323
961476
961607
961750
961830
962016
962021
962037
962112
962223
962282
962301
962316
962521
962716
962778
962789
962853
962904
963079
963182
963534
963703
963788
963790
964044
964084
964145
964247
964326
964327
964392
964444
964457
964591
964621
964680
964887
964922
965067
965219
965500
965525
965619
965691
965734
965824
965874
966048
966152
966164
966479
966511
966964
966979
967021
967080
967324
967360
967412
967544
967566
967712
967789
967792
967827
967839
967858
967978
968014
968047
968268
968273
968362
968418
968483
968535
968720
968786
968789
968921
969372
969478
969694
969720
969818
969848
969910
969991
970076
970099
970163
970294
970375
970615
970720
970869
970879
970887
970959
971141
971185
971300
971780
971780
971786
971877
971880
971973
972145
972334
972448
972535
972538
972549
972700
972781
972843
972844
972897
973007
973094
973125
973175
973288
973338
973338
973435
973551
973646
973715
973836
974046
974053
974156
974168
974531
974709
975033
975042
975053
975163
975252
975500
975558
975592
975739
975808
975860
975861
975894
976016
976057
976159
976388
976403
976516
976600
976713
976925
976981
977017
977103
977112
977171
977283
977482
977552
977813
978354
978583
978618
978782
978806
978863
979118
979134
979143
979152
979301
979301
979306
979308
979331
979468
979486
979578
979759
979836
979848
980135
980174
980188
980317
980323
980798
980966
981029
981253
981325
981495
981553
981562
981694
981746
981804
981823
981845
982021
982155
982438
982462
982756
982759
982825
982840
982866
982893
982937
983056
983078
983097
983356
983416
983443
983610
983791
984039
984171
984741
984787
984788
984866
984882
984965
985007
985030
985288
985293
985293
985401
985425
985529
985620
985664
985842
985958
985962
986035
986067
986227
986265
986362
986390
986470
986546
986753
986788
986799
986833
986886
986929
986950
987092
987150
987223
987244
987262
987280
987810
987901
987948
988019
988117
988259
988409
988543
988571
988750
988808
988808
988979
989000
989225
989243
989303
989317
989360
989425
989434
989588
989752
989823
989866
989893
990158
990356
990649
990862
990864
990865
991010
991014
991172
991248
991295
991372
991455
991507
991658
991677
991699
991798
992011
992569
992651
992730
992766
992821
993072
993081
993150
993244
993298
993356
993488
993721
993781
993887
993970
994058
994075
994116
994230
994247
994317
994330
994339
994396
994536
994569
994622
994699
994779
994992
995031
995099
995246
995254
995497
995506
995507
995516
995768
995806
996027
996105
996163
996209
996248
996398
996454
996461
996514
996558
996584
996589
996605
996640
996817
996843
996895
997074
997092
997094
997191
997230
997543
997614
997713
997779
997792
997926
997970
997993
998008
998067
998121
998144
998322
998326
998473
998520
998643
998743
998752
998842
998974
999035
999224
999328
999506
999514
999552
999881
