17235
22265
22736
51667
58640
59551
67831
75776
78199
85345
115740
135173
141232
152706
173047
174933
175200
177178
180747
185686
212126
216475
221131
227200
241910
246254
254095
271615
272261
293289
295510
306745
307748
327133
332777
342031
350193
357207
358972
368031
380639
382385
386047
389084
399024
402093
404440
410825
416338
442373
456367
509093
521409
535341
537138
540621
550743
554986
556853
562948
575803
581989
603531
605766
624446
625181
635995
636462
657465
677591
681712
700151
709452
710661
723602
724294
727531
739751
746709
749466
753278
756503
760597
761078
766115
786874
793373
795776
797091
804386
823336
835272
881043
885720
907403
931548
943396
967810
981606
991956
