607
1882
2787
2890
4459
5005
5167
6220
6606
7121
7271
7326
9619
9660
11603
14160
14962
16712
17229
17359
17707
17770
18059
18479
18791
18946
19083
22687
22851
24420
24685
25493
26375
26617
27458
30931
32257
32740
33405
34791
35883
36311
36696
39158
39267
40150
40915
45223
48941
49753
50221
53030
54314
54498
54900
55093
56647
56803
57389
58721
60301
60880
61770
62474
63287
63700
63882
64342
66126
66315
66562
67033
67311
68851
71126
72512
74029
74662
76124
77096
77668
78738
79021
79036
80753
80978
82130
82899
83672
83718
86635
86740
86929
87761
88112
88548
88937
89313
89488
90323
90786
91039
91216
92033
95272
98585
100992
102016
106617
109313
110506
111736
112932
113149
113201
113240
113864
115286
115331
115969
116163
117458
117990
118032
120026
121217
121404
121709
121832
122467
122966
123197
123353
124337
125882
126671
129164
129715
130615
133310
134703
136240
136328
136659
137063
138587
139886
140163
141579
142461
142808
142988
144129
145538
146448
147573
147636
148202
148353
148964
149075
149222
149671
151927
153586
156889
158394
158773
159187
159253
160420
160747
160966
161629
162474
166224
166476
167430
169549
171387
171553
174641
175026
175992
176640
176705
178179
179353
181980
182728
184446
184695
184986
185484
186774
187481
189692
189769
190722
191348
191479
191519
191612
195553
195868
199457
200248
201193
202071
205628
205848
206224
207507
208221
208662
209413
211065
211532
211721
212075
212895
213053
213317
213517
214294
216764
216872
217787
218004
218319
218667
218928
219704
221573
221612
222451
222598
223259
223872
224193
224328
225122
225646
227388
227400
228558
230319
230820
234606
235907
238047
239657
241699
241844
244320
244546
245575
248048
249227
250839
251883
252110
253376
254935
255010
255908
256496
259728
260262
260935
261572
262342
263477
264888
268865
268958
270733
271957
272985
273114
273959
273998
275469
277316
279919
280469
285278
286420
288164
288287
289239
289780
291906
292146
292683
293300
295614
295771
296888
297982
298055
298669
298742
299294
300859
301760
302185
302818
303733
304610
304816
305280
306821
307804
308583
309330
310209
311313
312161
312207
312905
313930
314625
314757
316687
316821
316920
317094
318591
318649
319628
319981
322084
322207
322526
322835
323149
324885
326892
327157
331655
333010
334894
336296
338288
338580
338695
339724
340630
341978
342454
342753
344754
346350
347735
347844
348155
350065
350689
351543
352744
355631
356154
356925
359219
360306
361029
361673
362033
363916
364563
365066
368991
369925
370327
371439
371511
372892
373640
374336
376284
376387
376810
378682
378755
379422
379934
380152
380499
381006
381224
382408
383914
385909
386631
386976
387136
387206
387435
387810
388863
388972
391884
395157
396254
397056
398542
399693
399734
401542
401695
402423
403447
405682
406892
407277
407711
409238
409252
410357
411965
412922
413746
414399
415461
416065
418620
419451
419546
419984
421020
421404
422506
422886
424179
427170
429414
429679
430274
431474
432053
432213
432409
435624
435969
436012
436083
436090
436540
437112
437289
441099
441969
443324
444429
445146
448343
450806
451347
451666
453193
454083
454097
454810
454955
455842
456255
457975
458288
461954
464830
465485
465893
466532
466624
466790
467492
467821
469333
470009
471036
471624
471825
471964
473121
473642
475298
475877
478653
479388
481756
481844
482470
483035
483199
483697
484587
484803
487463
488096
490335
492349
495211
495663
495755
496633
497122
498159
501626
502011
503067
504156
506635
509390
510085
510901
512838
514521
515837
515968
516336
518479
518812
520241
520888
521883
522691
522776
524275
526683
526792
526797
526889
527853
528333
528914
530351
532396
532611
534449
535141
535804
537057
538151
538178
538601
538901
539006
543711
544313
545093
547060
547224
547796
547852
549052
549376
550463
550547
550576
550721
554456
557573
558221
558647
559478
559613
561907
564215
567844
568684
569548
570167
570500
571712
572240
573439
573613
573878
574805
576962
577482
577518
579418
580003
580050
580708
581757
585602
585640
586158
586216
589589
590460
590512
590851
594868
595233
596858
597035
597906
598166
598290
599503
600367
600947
604007
604008
606008
606291
606703
606998
607038
609243
611142
611548
612173
613984
615123
618190
618964
620911
621443
621983
622642
623030
624842
626070
628941
629175
629183
629466
631104
631490
632374
632670
634155
634172
634556
636462
636801
637186
637354
637482
637862
638654
639243
641265
642187
643677
644635
644648
645039
645640
647016
649961
652544
652648
655096
657405
658281
659051
663510
663812
665007
665615
667339
667924
668406
669344
669595
669595
670573
670689
672243
674314
674986
676879
677420
677883
678738
680338
681169
681799
682235
682404
682481
682543
683779
685302
687671
688157
688527
691272
691423
692329
692466
695246
696643
696910
697017
697112
698848
699055
702416
703761
704113
705630
705889
706377
709129
709592
709636
710003
710558
713117
713592
715075
715885
716518
717224
719449
720258
721526
721862
723385
723665
724852
726751
727655
728692
730535
730602
730940
731752
733151
733226
734917
735807
738273
739607
740271
740336
740912
741100
745028
745068
746476
746562
746779
747630
749220
749280
749521
753073
754733
755598
756862
757042
757703
757876
758082
760379
760384
760902
763071
763984
766711
767533
767561
768811
769664
772328
776057
776491
776879
777928
778073
779439
783896
785034
785268
786791
786895
787151
789147
790853
790978
791239
792828
793172
793872
794544
795574
797721
799145
800143
800164
801528
801701
803298
804380
804746
805504
807331
807531
808265
808793
809810
809902
810256
811453
812455
812680
813133
814671
817903
818915
819879
821026
824155
824739
830098
830660
830932
831294
832099
832418
832921
833106
833474
833578
834072
834728
835198
835284
835412
835420
835730
837994
838231
840219
840251
840336
840479
841140
841804
841957
842285
843161
843670
844472
844986
849141
851026
852823
854672
854783
855112
856130
856478
857766
860068
860977
862169
863485
863713
864008
864568
866700
867162
870984
871273
873113
873550
874546
875120
876448
878177
878374
883007
883692
886274
886894
887628
888512
888916
889020
889082
889937
891598
892154
893041
893063
894008
894715
894843
894872
899872
900114
902369
903496
904576
906953
907226
907826
908038
910495
910959
911203
911416
911669
911791
915272
916650
916797
917731
917808
918863
919489
920108
920861
922646
923141
923808
925176
925650
926088
926728
927411
930107
931209
932477
933753
934420
935042
935114
935374
935673
936280
937428
937668
938144
938687
940305
940620
945040
945776
946456
947369
947624
947703
948168
949097
950677
952738
955308
955615
955777
956553
958055
959432
960307
962692
963074
963522
963706
964255
964351
966823
968579
969250
970164
970720
971383
972084
973721
973909
974013
974789
976114
976373
976622
979296
980199
981147
981697
984494
986014
986672
988009
989388
990629
993027
994787
994857
995109
995240
997246
998661
