516336
481756
628941
467492
316920
933753
352744
502011
268865
595233
169549
644635
637186
903496
938144
176705
293300
241699
424179
900114
211065
821026
471036
995240
907226
17229
586216
478653
871273
501626
959432
874546
790853
604008
674986
123197
730940
418620
115331
234606
667339
469333
645640
76124
374336
755598
746779
304816
760384
800143
90786
5005
801701
14160
547060
669595
414399
741100
670573
699055
436540
705630
89313
113240
427170
454810
74029
211721
296888
624842
692329
7326
545093
818915
697017
612173
590512
749220
484803
837994
512838
212075
171387
626070
295771
289780
514521
974789
791239
225646
388972
495211
87761
792828
471624
993027
376810
314757
824155
216764
419984
894008
299294
72512
40915
490335
45223
195553
976373
238047
840219
807331
833578
804746
904576
488096
831294
738273
458288
835420
64342
658281
947369
716518
273998
644648
27458
149671
746562
79036
264888
935114
336296
187481
812455
915272
138587
688157
835284
873550
222451
678738
730535
228558
17359
629183
298742
22687
241844
484587
121404
78738
814671
355631
435624
451666
663510
766711
851026
371511
558221
538901
777928
273959
475877
92033
757703
988009
464830
350065
734917
136328
813133
681169
776491
698848
797721
923808
705889
113864
613984
487463
550721
789147
340630
409238
50221
465893
444429
443324
590460
966823
794544
302818
316687
56647
649961
361029
244546
894872
580003
371439
297982
310209
302185
124337
221612
391884
767533
735807
709636
526797
990629
647016
532611
48941
60880
248048
419451
309330
370327
639243
570500
407277
695246
713592
793872
964255
156889
380152
208221
382408
634155
35883
621443
976622
916650
923141
79021
298055
600367
893041
160420
88548
994857
576962
331655
356154
342753
597906
289239
60301
547224
776057
620911
596858
142988
568684
945040
969250
973721
5167
629466
910959
515837
844472
946456
347844
191348
475298
175026
510085
585602
2890
557573
100992
312207
365066
572240
559478
406892
259728
213317
674314
481844
445146
515968
998661
528333
91216
82899
937668
252110
356925
964351
483199
300859
387435
102016
668406
251883
981147
805504
106617
62474
285278
807531
793172
348155
30931
455842
208662
271957
997246
767561
33405
518479
224193
217787
387136
573878
318649
713117
723385
867162
570167
166224
955308
808265
778073
631104
606008
710003
221573
67033
179353
298669
981697
1882
202071
940305
292146
121217
618190
291906
498159
637862
503067
275469
430274
148964
876448
637354
840251
622642
849141
917731
917808
786895
768811
841804
63700
471964
184446
338288
692466
22851
843670
6220
245575
316821
412922
147636
125882
405682
830098
667924
26617
199457
254935
117458
362033
301760
123353
6606
239657
280469
745068
18059
889020
833474
550576
604007
682481
838231
189692
160966
935673
190722
7271
465485
830660
350689
907826
61770
769664
200248
159253
520241
279919
133310
580708
758082
994787
925650
322526
222598
49753
292683
90323
351543
740912
573613
682543
763071
962692
457975
117990
873113
4459
832921
638654
286420
940620
66562
724852
342454
739607
205848
866700
581757
322084
919489
520888
636801
746476
986014
860068
263477
379934
522776
195868
319628
840479
580050
223259
175992
537057
756862
80753
323149
543711
19083
146448
261572
360306
205628
561907
611548
451347
218004
637482
804380
139886
334894
386631
524275
212895
201193
726751
854783
506635
397056
974013
920108
643677
403447
799145
911669
479388
753073
702416
611142
422886
621983
840336
790978
166476
207507
952738
669344
956553
976114
415461
136240
955615
926088
178179
549052
810256
399734
720258
189769
685302
908038
949097
916797
883007
288287
363916
184986
709129
830932
687671
381224
598166
922646
600947
431474
883692
313930
191479
53030
569548
410357
911791
244320
547852
937428
863713
223872
550547
906953
145538
63287
441969
606703
338580
58721
843161
66126
378682
270733
634556
422506
120026
697112
461954
795574
467821
632374
958055
466790
878374
835730
740336
387810
535804
891598
361673
214294
71126
56803
142461
317094
82130
677420
471825
456255
757042
607038
492349
706377
409252
779439
227400
437112
527853
111736
388863
856130
534449
432053
454097
454955
312161
931209
785034
634172
32257
710558
110506
528914
574805
63882
225122
680338
18791
213517
148202
158394
925176
558647
538178
364563
144129
429414
590851
631490
230820
319981
899872
835198
728692
889937
938687
920861
856478
24685
346350
893063
344754
147573
683779
495755
809810
448343
25493
206224
55093
559613
89488
824739
936280
530351
470009
218928
378755
115286
573439
211532
970164
521883
892154
817903
383914
577518
522691
550463
218319
911203
776879
260935
963522
450806
95272
262342
148353
665007
17770
800164
986672
902369
852823
571712
691272
339724
911416
288164
191519
54498
7121
341978
688527
819879
970720
709592
760902
641265
704113
122966
733226
787151
670689
955777
786791
83718
57389
338695
40150
971383
39158
149075
441099
376284
136659
9619
760379
860977
606291
972084
864008
230319
696910
18479
659051
359219
74662
213053
811453
539006
368991
260262
497122
589589
834072
130615
80978
312905
857766
333010
209413
723665
989388
91039
930107
159187
142808
171553
995109
963074
518812
122467
960307
749280
812680
749521
894843
535141
878177
255010
376387
864568
979296
68851
86635
419546
437289
88112
889082
803298
149222
597035
454083
832418
888512
599503
436083
526889
963706
754733
436090
304610
730602
385909
888916
273114
934420
18946
129715
910495
682404
185484
141579
715075
16712
416065
544313
176640
121832
121709
86929
158773
140163
973909
116163
126671
34791
567844
947624
968579
129164
932477
134703
629175
935374
429679
401695
652544
401542
721862
373640
167430
663812
295614
577482
277316
162474
615123
435969
532396
772328
757876
887628
731752
665615
324885
219704
844986
618964
77668
398542
745028
112932
380499
721526
466532
632670
86740
26375
151927
413746
832099
326892
318591
835412
657405
54900
407711
504156
809902
303733
696643
113149
526792
379422
181980
691423
740271
83672
453193
307804
598290
719449
311313
547796
841140
306821
399693
984494
834728
305280
39267
17707
526683
950677
436012
77096
249227
9660
947703
256496
186774
642187
137063
682235
715885
191612
402423
182728
980199
347735
268958
833106
153586
227388
509390
14962
32740
676879
606998
854672
645039
549376
538151
681799
927411
510901
672243
395157
886894
250839
483697
894715
918863
623030
411965
564215
717224
579418
161629
372892
115969
727655
733151
66315
870984
160747
396254
763984
482470
855112
2787
609243
747630
496633
308583
272985
495663
935042
184695
636462
538601
801528
875120
703761
421020
473642
54314
369925
677883
218667
113201
945776
466624
863485
586158
98585
432409
421404
841957
235907
253376
24420
783896
386976
216872
322207
224328
785268
11603
67311
483035
948168
314625
432213
808793
387206
886274
669595
118032
655096
842285
255908
554456
36696
88937
381006
174641
322835
652648
109313
926728
607
594868
36311
862169
327157
473121
585640
