241910
967810
185686
581989
152706
554986
739751
624446
358972
749466
212126
389084
724294
410825
246254
761078
327133
556853
402093
677591
67831
635995
835272
625181
272261
723602
756503
636462
404440
442373
603531
22265
175200
221131
562948
307748
254095
509093
75776
357207
216475
881043
535341
943396
797091
17235
59551
416338
332777
173047
931548
135173
753278
804386
174933
180747
575803
368031
399024
710661
727531
793373
227200
141232
605766
907403
295510
342031
885720
709452
350193
700151
521409
550743
22736
78199
760597
456367
823336
85345
766115
306745
537138
657465
51667
386047
115740
786874
293289
795776
380639
271615
981606
382385
681712
746709
540621
991956
58640
177178
