392793
896813
105302
78766
890996
344775
17894
764732
868292
452653
993072
887230
406714
828568
353270
642747
909400
637202
424766
815544
690520
937649
120127
106491
734509
519153
834229
935994
461345
996461
112788
230949
565405
428026
877528
722765
624519
813984
706427
209648
445766
871478
773056
236962
693217
883161
866797
514136
771077
317512
143382
571988
945509
670879
732371
388137
404540
748911
305427
489578
914158
432566
288138
222387
991372
865920
828166
92179
41782
230489
452575
646293
674203
116205
8845
492905
822940
73599
486932
683124
717199
643778
707866
673777
211360
920983
67289
298306
717777
425124
581039
498519
35361
833485
394130
992569
571275
829394
696290
305524
671973
157701
755671
120095
870249
712230
331289
236489
325009
61469
140847
58818
258587
53459
856079
484419
98028
879213
986067
480507
762257
528485
657677
277367
663392
471047
282481
271532
727293
712646
363185
396836
774073
812344
2214
933187
620308
543861
77865
9270
271203
79751
587586
489591
475533
609166
35448
180030
44719
895411
804295
294343
527072
384455
55728
118460
109326
307063
818794
902016
13703
43502
815606
846040
506836
395655
611536
782389
603071
967021
704321
176098
279542
387794
549330
260742
2888
828296
790107
164311
71436
22783
226809
477084
287969
532124
774494
608540
54415
619698
635201
723880
428364
157855
261431
924994
311835
349126
162586
958121
875535
997092
555237
35970
2862
377169
775586
477541
783280
477653
909690
392128
39
31077
167276
835180
549368
473721
575257
292874
65159
602571
457915
378329
945009
677293
943286
855768
407986
465927
374471
771218
971880
895469
513305
504139
425967
710489
782134
238981
232170
878666
375962
637871
435683
989752
128931
420139
513546
308210
654245
265211
591642
933142
627611
963079
328281
917293
490104
817293
113598
574048
937307
204197
563948
994779
942112
950704
131421
143805
490195
344093
687386
595833
136511
803223
119654
32140
568165
865167
106235
343643
454216
7137
34348
346536
907301
836261
169577
967792
64768
731541
730849
591461
229530
496086
385538
792003
991295
250725
890268
480081
122107
592735
303203
152119
480045
38892
977171
460662
819251
558985
463982
495495
833221
833137
712481
244052
835870
787624
591173
318797
598740
414436
225088
858665
369161
246040
234636
312954
227898
670686
254096
526378
448180
618944
261610
127575
984039
905763
732814
131145
838419
45840
657800
147404
208479
454240
417117
176303
885448
194948
752912
576599
626550
957230
597376
686656
184235
770656
788526
261010
662804
966479
824861
280220
355458
998643
330002
866671
965874
899054
541051
178201
672584
877142
747756
412349
671899
696417
62084
975500
648105
678572
576238
241378
436203
538024
921027
84159
66244
12769
366029
371808
5267
219628
140519
701433
636839
824493
252416
888978
375506
528259
831550
954299
780118
9424
524799
241773
113405
788520
108986
729663
989893
741141
172676
157186
655927
496452
587759
20409
644632
769361
117069
232056
410617
15850
787474
98711
716585
842530
134359
555731
387851
211028
489723
891651
912770
719346
747044
967858
283208
419433
769827
889629
37982
840051
71414
925194
673182
191352
799590
96131
409708
405537
643025
526318
939723
714684
514370
552586
596172
801221
948604
988808
822240
206487
415574
610499
398671
163119
416128
275486
763778
201240
598243
636217
651514
445113
536871
505679
169891
252407
721294
201008
58499
887624
495357
460501
446221
224982
638107
600293
122066
911371
165394
467587
843351
395199
868723
786706
84609
256764
580726
960198
527917
516074
531294
92776
856348
659740
365243
266918
711947
582069
264137
448532
952545
818680
654070
613315
724546
707948
451201
407996
637377
191400
987262
921626
842034
196672
609974
880193
130333
815244
278251
730302
341134
318033
581497
634365
665417
631119
91159
837281
618458
235111
308157
195460
684171
891238
851744
317259
602095
433202
855961
688548
791900
283215
159203
704991
277494
620943
25283
720806
913061
143252
872898
729562
266472
89859
495766
9612
895683
138375
222367
789781
917972
564799
777741
920403
238340
564485
426462
82048
775833
915228
549061
8496
899559
408181
997926
982759
150310
588510
268286
660692
816735
106888
597280
169454
948225
532659
802970
755434
821648
969720
48054
646166
486333
214003
253852
539861
910160
485707
471253
998520
560321
850015
14698
4149
290727
891790
316587
948230
756936
482467
97803
394784
98767
304156
39465
165646
547163
279573
155434
679146
890868
961238
180865
229816
820568
438325
570384
99743
72692
38057
447016
250373
929262
783021
937325
986886
310047
410189
699413
70544
853022
707345
766607
733341
739639
363523
637376
69582
69115
244381
346472
829665
726961
373716
901475
821839
478058
692411
201868
551493
929330
370966
288188
57340
919394
446524
422960
261303
341843
543783
704520
852889
901997
676380
859884
879072
820957
981553
863881
167810
148837
190272
105529
437986
292749
251239
236865
764079
119031
613688
282484
707482
534736
949316
841076
177137
393315
540863
738200
28829
866567
379728
769449
392180
863289
321848
413895
499708
271876
382940
837481
843709
743580
351792
249218
863106
661003
314050
612222
669100
377859
785633
481835
895474
734930
421736
245877
420600
615603
537898
341450
455115
126592
741627
208412
31095
418629
870297
918916
461765
340209
519606
976516
459797
961830
178851
511845
507219
592495
865882
981823
789657
592401
734952
315799
308705
474042
327797
200418
725605
187862
961073
366440
224789
823041
370013
716036
458740
836119
820724
53320
72336
268390
495988
791549
898652
703621
264716
601032
252716
205310
490275
500839
347980
492966
937218
26715
473276
471182
967712
782048
662412
797074
302153
397976
939856
389262
991658
191750
191105
337777
573179
850997
949360
792233
347849
655865
693607
337918
879711
161741
901150
869691
408528
28955
24535
847430
958308
702427
960215
813009
365661
20435
79553
871913
669285
732668
358288
811692
143445
456197
598256
908632
260324
116273
236410
328190
563626
66971
883467
289685
656208
350938
486847
775914
757463
756671
570127
837045
55233
128187
214853
301960
395615
995806
697495
470624
267960
513658
476264
478302
401427
157478
827671
772815
327522
690398
772993
950695
992011
82440
973338
213069
330259
771601
788707
211344
816233
277878
381256
519223
912781
779295
663578
301941
197019
753509
195684
174971
646008
735860
581420
705256
11608
896460
692552
762140
217769
30945
249625
58026
844895
246755
521385
943467
732637
631832
69469
510511
669309
137956
813271
635471
486716
579307
323434
921438
40389
358477
378170
117630
58904
59792
502576
193038
696983
214876
136152
868033
837869
708191
63703
344586
217371
947217
897100
166515
771105
197905
111297
165326
982021
762734
424078
277378
302914
798979
787210
46919
548176
20730
930735
48364
795340
241201
412233
29973
546181
416953
432155
653251
96738
534522
578383
10764
186739
71541
665495
251497
211154
439714
929764
124654
114166
608248
373890
446804
412116
655371
227726
230002
12721
557007
445909
599051
557705
623994
341899
501312
529301
384648
510117
363302
355773
741656
500499
697458
879514
381940
691869
350737
931622
519214
235097
868501
797123
44197
951750
670345
447780
280615
228553
6693
775132
858032
817473
5725
737409
379793
668425
569619
95357
579244
762249
348590
238769
274524
923129
207234
182853
289009
774388
728814
364304
53016
186293
24389
632673
909146
643632
344484
561576
31099
84879
554019
446532
110146
321095
29479
392298
294425
378583
258835
331502
454794
648221
800734
66482
682025
611093
884736
809512
309393
997230
743302
121029
505414
310731
725637
351556
348474
712851
36907
723603
460651
545269
778736
157534
735145
999035
399788
20791
719285
271946
938563
269279
319557
428468
250555
487220
928229
245434
881838
621686
439607
742369
637083
222967
551771
233007
289814
762911
873129
518274
231072
802137
503323
990862
96273
35614
855560
312753
940337
972700
749515
974709
152295
818050
929410
244577
765769
797483
545715
845436
565714
857444
697288
323807
884081
837532
957883
118326
312062
816295
733837
279443
994247
909999
869231
473710
354313
292471
576260
583229
602811
303949
821758
859116
91139
198284
529253
713722
590220
524043
62198
51504
197167
387110
29544
215037
510094
879142
495114
794291
693056
99856
287175
481368
925286
177607
133644
257962
413916
22942
307840
699187
863052
169854
767666
806532
578780
583792
691793
968273
901063
565257
802004
683689
366345
552111
584954
546128
836212
19467
371499
267130
728992
869325
906046
406118
123967
276310
490068
769237
679055
130247
939041
514918
927080
727716
672523
843408
87477
760164
989866
144059
425727
208279
444464
612027
731429
99188
58338
579562
197352
496126
633220
269152
423651
480467
398356
140562
538200
270289
778348
916036
545317
962789
436490
679532
783125
996209
124205
620901
912466
443097
178710
346508
856697
91051
22574
451579
867526
468137
628102
586528
665134
396276
114744
749689
895180
803286
741165
776302
718323
251435
144056
917450
117154
44589
842528
574039
612565
805851
979836
800086
279288
612934
564598
549080
995254
687352
678577
536572
483952
338433
384583
538438
164106
222303
392043
462679
717535
170505
551982
118479
916564
884568
456541
568316
877002
484563
282119
163517
465133
673557
261148
280823
125866
123549
785328
485939
660349
573106
630879
653843
398888
13041
867339
715247
174079
30516
284481
883281
62304
758753
261050
521353
691713
702924
325565
298093
753762
675658
237026
473456
972897
702867
829169
787165
366572
647571
973288
476913
457232
895629
773979
702547
620784
28396
577078
357937
760402
106664
778014
770168
455060
405905
537142
330863
309884
732220
556478
830705
914221
345799
927189
13893
132276
22729
475039
296412
798338
994075
330369
697638
762165
944254
228105
47761
350671
117928
47467
976159
673991
927022
111526
605922
332094
508303
447046
290455
650506
897690
425986
638109
633711
225725
959365
245968
157548
219244
306506
439174
423345
795306
340192
996454
17838
989303
554573
669536
640262
369046
506063
249100
328354
689018
670013
134051
48162
772365
319501
168340
457455
374172
559983
896708
889708
872417
435797
578021
49547
756910
328534
128625
995516
467764
137448
509316
728511
385966
18955
718420
774746
282733
62405
679630
395431
865792
139016
708685
946245
46079
440943
929785
964591
71989
730087
335610
354793
109415
559083
920472
72342
392837
378087
611697
565351
673132
514558
403222
413038
619478
938215
768322
991248
993887
419826
808951
147609
108276
949545
420791
198442
4890
743121
967324
546317
98584
506960
587732
308777
269891
533544
672125
494161
645860
96417
912985
535990
922759
889221
483054
610429
393187
559301
443133
340204
459681
598073
119132
483965
589451
369797
357170
127125
982866
616855
875983
644430
486780
479500
301926
950192
925800
995506
781608
301695
742271
190120
635197
299374
231033
7394
247073
843313
43465
87113
773401
431472
645158
310463
77905
284439
81655
18176
701396
75210
592859
5092
449959
105526
702546
847169
856066
398019
903435
772781
338348
47846
34698
500769
570546
63506
945013
254329
518403
764750
513852
792983
959467
225250
389412
802792
322282
284715
574190
88510
516593
560462
975592
589405
609848
89033
452111
61841
929279
321701
366815
140348
238687
352712
28410
239406
250443
481830
590257
21164
328937
615768
172401
10899
799239
838533
621836
248663
435387
893500
656675
734948
337436
397156
386798
517413
2262
640523
497512
261026
995246
261402
736537
503364
152595
341802
782657
767988
273437
637231
409246
646882
960997
997074
606491
573986
104191
330973
775317
155632
509272
14160
409994
365268
862249
879760
413280
962016
144469
835647
993488
816023
223717
380327
996589
831080
827165
319247
403093
512983
153211
795440
916019
95677
372235
853377
940717
393446
681898
924527
647601
458584
202837
776041
964887
126579
36077
221399
461619
770612
757769
269226
414587
220499
884856
619854
451087
296077
658002
541757
40041
654844
781305
29421
77986
111585
549361
222825
903325
994116
855833
398718
296085
460403
69382
786507
731647
652262
331963
87036
457563
560579
933318
467792
618077
512252
547321
155925
868978
49942
433860
384182
297969
786117
573420
64107
95711
10419
859562
427982
611935
388704
617122
239822
60660
943524
895614
809020
715700
583055
677927
897795
334412
355697
231968
679989
333546
551733
459071
774592
111371
622504
447304
383807
863393
345432
165031
24812
326239
694231
330762
286644
493349
647007
182745
31075
5507
325007
826643
994622
987948
898452
778374
713648
601273
54371
2090
106780
886422
350114
943899
195985
532365
170086
360370
643548
831405
536471
692479
438710
255318
557808
478628
378654
922660
901923
800144
629506
5302
818969
567831
892311
240986
375063
564843
534408
765719
85948
115066
476810
799126
286823
209635
55822
960621
569333
370837
983056
348745
120936
884999
41869
547768
715811
415246
332561
94545
664913
376542
34734
217664
93478
209119
692681
49138
502461
910379
433806
934425
833441
49570
126979
724252
794856
655723
998842
454431
556280
969991
997792
20906
565677
931539
970163
761208
703699
602650
619217
548447
963790
354644
528043
330838
131033
740672
635992
214376
525995
120409
726342
653748
793397
648247
879115
124574
451912
945285
11546
506710
227348
295323
996817
472259
547468
322040
141294
137931
852133
502493
463330
860546
240892
92936
601534
66796
936343
256396
202570
717936
718148
72778
32628
411932
887709
452110
872806
350479
702829
223752
154288
736071
938413
427556
168676
350088
40871
528905
53377
962021
200572
92587
614791
87726
753473
681678
608490
8630
480387
652568
951265
404991
103915
781456
795741
479364
159741
158265
808791
947875
177146
971141
147138
896998
180262
184504
207776
867181
953060
532123
356401
92729
600701
508504
336069
378327
505535
976057
40307
650663
524482
628792
656610
627848
218502
445890
245124
377761
7928
557261
599459
396239
448659
229842
904148
794342
270371
539113
234248
304678
505253
700929
225792
448636
908107
486648
282081
753137
361756
97757
851677
805555
98871
765823
61329
720318
868087
989425
713390
621991
320050
691870
880846
528069
710236
139011
339624
778556
151882
985293
10783
53479
742864
68175
25204
315233
683915
350623
530716
151281
660154
990158
150701
332240
475783
774915
443890
430615
373860
599732
15133
123530
308497
430080
964444
443899
857913
622443
639172
367260
361724
913462
583786
164965
79688
444890
385873
537886
180896
478945
473149
64585
941439
23714
2662
475568
215253
340375
317768
636358
819120
823708
145943
448317
919158
841286
199568
526947
751887
252254
835435
62009
687711
548345
188781
407571
683377
960245
378969
923749
257775
185234
436550
953199
177101
687658
664140
690311
705414
682702
462104
534464
492223
468159
43423
638132
752007
921286
742832
986035
527040
782384
266849
356808
511127
896490
580139
767268
731438
376309
817106
241642
512604
497989
133884
831446
245002
331900
316324
625931
840958
714942
985958
80439
38260
218480
603002
886373
457192
571410
640062
596254
309297
890615
955563
876413
191111
706973
625066
584718
57573
311853
518015
816418
507849
581776
362467
536818
223833
897131
908528
530286
130656
403257
822070
517025
871989
612164
304811
391810
479292
89984
511550
738969
497862
524996
802956
673675
363476
474534
805548
70917
250297
371761
664677
106817
51037
861765
464191
620152
549533
760524
271990
199652
459408
622612
286923
54128
495717
468686
709814
354175
55080
303458
869878
384854
773411
73261
737032
656679
183201
423192
435510
361403
560142
538326
807494
172155
148858
436858
132628
664218
23292
667762
507386
27554
795699
929252
906795
572698
365864
452195
854431
893010
912271
660814
655528
761803
352045
973125
95652
273029
317843
565001
949451
661541
226440
566255
766696
860867
49541
65345
400037
445518
968921
68081
609919
599900
520877
697467
440920
192466
213538
508822
128875
461165
640022
33046
339674
900458
383430
309089
994339
807576
662605
222923
775473
734136
743499
123217
209487
404238
311521
955503
3959
622599
568856
215518
302728
643654
769249
558702
686999
700109
495543
822331
86684
665220
440288
90383
761101
544489
627411
752020
126153
290133
126452
145204
796138
59879
866491
352335
774589
960911
156594
775896
482766
431097
55197
124109
722332
365203
840947
499281
934763
292221
233995
258855
156217
711372
420114
639309
112072
258619
725753
517939
702746
82031
172587
534806
844667
954598
720252
245630
257080
304955
202205
274384
519981
578264
242891
674832
214268
364280
76553
482487
652826
891287
953666
362669
316035
94713
813840
733540
462094
450452
203290
120528
507355
785244
495383
252102
436136
32297
615090
53872
791555
562822
576326
280363
148378
889496
885256
838141
529838
617449
935300
376438
372646
547536
589696
226594
704960
44799
778941
712104
110498
753577
842203
790018
703439
19662
320860
834521
435893
501092
318337
729404
710050
191971
313360
668541
137431
670701
789879
270248
67637
422681
371530
373601
871188
93659
911273
429785
712371
632849
23677
847852
476937
513772
909601
5914
559034
653753
7133
820257
413925
92363
261837
150643
300186
844871
165344
804057
756905
142796
953084
90404
97941
929853
94591
167051
485288
787308
13793
980966
323296
700644
73781
184710
173511
414483
987150
179759
443104
968786
653950
758131
583613
306451
525306
346860
819822
991014
792281
981845
272852
722856
193147
228165
64595
795848
28871
749194
110245
657399
228876
198238
721740
385644
920009
305480
745632
74577
654024
746066
417478
661965
495844
37858
746561
487791
337388
824760
928290
104179
753312
216515
688923
861045
481944
788128
706226
98543
526468
320048
108113
1712
135566
77972
919866
16860
722972
353800
45463
818074
92017
592601
937263
364894
886131
537284
501685
954963
868935
124269
177915
960548
393368
575545
318212
658791
324407
337480
385782
186086
590685
367058
187630
973836
538443
247453
743534
90601
382482
437592
757745
899810
321967
964247
81439
484600
97230
410156
813212
123699
962223
312606
183739
953002
47014
477449
149457
657202
91132
54418
755748
654241
623220
887172
644801
837757
448808
759436
392748
100614
262288
319373
656306
354013
133412
837025
153563
494480
548314
821678
391996
684803
701449
838368
239080
98044
686830
951496
880262
792266
627723
570449
17214
742675
182189
264090
287694
762745
196295
535861
227641
964457
197562
520764
882142
11392
161910
602186
100070
129561
463738
275549
566551
709623
951863
709446
27526
124300
241811
731594
424553
102052
268233
640857
612746
924721
361965
320488
623768
383987
798285
620781
743832
820611
206835
681143
952184
844797
372168
351271
815044
515336
991507
372430
189426
359492
740190
547301
427927
639182
105593
507939
956221
567986
27224
770687
480396
817966
151127
410946
149668
903519
655966
147847
675213
389131
453984
814163
436806
614218
427197
889483
393402
135505
621704
708950
745872
424604
956514
128592
801377
377144
85765
980135
525125
191786
843101
792790
741510
870079
895888
271612
485302
858801
24543
567960
900573
252083
365604
785699
818954
487514
561403
382730
74314
896808
712126
142727
530551
663093
610024
476123
952935
107836
59355
937258
562118
690111
869244
695731
949694
914520
708924
8682
610386
464286
646578
558771
412234
566704
161956
820477
342153
182497
954149
765689
780218
287488
764824
779702
830313
806018
824466
764187
509934
109518
781982
302912
152644
522981
300058
887401
257207
821613
598142
131039
945276
202392
257597
259757
88538
410933
896131
648372
236358
280979
894687
620011
411470
312717
195387
229367
338539
846199
740294
126051
73145
204260
657906
625468
584898
990865
506457
414156
207926
183025
410042
885233
468855
889365
771170
640088
946577
398135
423142
97627
416327
547812
611085
558837
958600
556357
500298
680414
477441
672840
934502
243144
104652
456496
794556
467892
117509
534709
379230
557169
382333
58904
9366
52850
844232
506888
303558
290187
394994
440554
426289
942216
459726
258377
374162
466986
148206
307098
400682
178879
533678
244714
34584
450845
235755
982438
17952
889914
152594
333575
79950
24555
120018
176664
404147
115639
352563
606693
426894
149847
901632
396418
824391
228813
672224
276341
134612
632990
324675
39873
351422
726702
701944
821711
882878
978806
409691
742971
558145
764388
13866
458041
646923
651535
708665
806883
8951
301268
965500
317408
647452
856275
432322
153202
334412
243456
334209
525403
114998
965734
702028
830829
928555
164542
811041
153197
993150
322344
600990
94563
859076
604228
260948
804865
328826
310832
199604
25454
788102
545886
323878
87917
726934
479632
115193
339823
284133
925107
518133
80497
804124
390357
662283
192979
261909
744197
605102
626615
492154
715654
696699
258258
960332
387055
412499
201874
387840
69474
428233
136492
118851
435431
77047
869441
679775
264036
578027
860524
96565
631483
283711
849195
455338
943232
162310
263655
764255
616085
158242
118177
288024
801509
339763
644795
3326
210553
401770
261409
48703
784762
373563
514194
599955
285764
939121
681295
613466
403234
413019
475934
220641
188268
731172
356219
503556
46202
252609
994396
356653
359172
811651
25823
821754
722904
417932
450643
309373
76342
310174
240480
433629
397579
788047
121812
416665
463176
393305
99018
826669
756319
929037
271225
922957
290586
432360
470998
453518
996248
351742
176295
572068
105828
825875
651430
529158
509299
998473
659214
680302
537274
898675
845700
741244
83114
904903
416869
814650
843721
694898
446312
37755
114478
900486
818608
205660
704217
883407
369137
719468
987244
854723
918716
606120
94666
424727
830696
885919
531979
457454
960159
623796
244313
482604
77634
280578
615274
128297
482554
999514
800346
6018
138268
100071
342372
832585
998008
167155
368124
269852
371519
321602
994317
725971
61582
827868
236554
685203
232411
581353
541427
54848
328571
317620
102118
859023
307341
298130
686623
251961
414535
694300
492366
312651
146651
814935
168660
994330
126533
325429
296729
122516
82740
762868
255692
942578
393874
492453
370232
237258
519858
889735
839232
122433
653077
243858
775159
806430
457753
659983
409310
111609
581119
220708
650043
538834
100119
518766
334802
516926
746122
900551
769027
965691
341764
82663
839167
660517
936508
789862
785832
842306
181601
621279
581061
893751
572898
653233
671711
186078
129818
392415
124346
314863
655191
525719
145139
345051
408390
545936
811251
390711
105532
608844
964621
790677
988259
574525
133114
9135
482367
833924
954350
846973
257116
754324
116054
168870
298390
993781
441905
321298
604549
463077
588104
404958
290563
895448
638347
770921
766618
818592
437322
913099
562127
997993
272140
456230
506565
295195
160464
26836
717072
954722
753950
319360
535575
679882
653512
301073
607845
653251
822850
756416
273484
937028
918107
552906
348086
647116
849175
333185
487497
312196
628459
2302
416374
130305
659029
12465
838175
204965
464405
126937
80547
160165
640587
256782
427463
578341
671662
534716
860482
502335
63206
228266
108581
987810
785224
748856
635365
828375
33516
647848
213574
164383
23531
511122
247910
905017
582906
886267
202660
550336
817054
802817
143915
672048
897227
894253
629470
473929
399005
599595
251106
915148
727538
337429
462402
668898
45026
972843
679875
509212
567324
573023
588102
208597
650462
537357
233363
663348
62416
539208
87111
361614
401726
346896
890717
343848
925488
149855
462226
388634
5032
107426
982840
41486
531064
759109
456793
89256
1085
864743
15686
662976
672571
130669
175291
634698
515543
505330
900336
47063
740587
437916
178623
290932
883593
357962
382636
891376
968720
523689
164822
173884
667300
819302
714233
458218
5133
859390
636445
349272
172846
955377
601695
443750
831071
79828
437210
394466
292842
276742
993970
558021
624031
46011
948925
565207
470292
615156
329550
750445
8317
264527
84190
892627
125859
715258
473497
203268
258500
949251
694595
815382
597320
782347
139013
216371
791515
366874
894680
93825
888235
261580
550733
822179
363712
63080
247478
632345
377267
354769
658548
100227
993356
473685
599262
977283
434172
254947
749003
188735
700147
591129
110781
253189
282527
83388
519850
401034
297091
612801
861160
819275
136239
362120
731956
169045
564385
783336
579423
536863
152248
913701
307413
95381
727121
927550
841867
421744
230080
636643
595972
414848
530861
765252
213569
233867
580296
972549
339075
619600
824554
895758
360638
549156
757002
851582
962716
817470
315480
86847
744810
988750
18937
259380
213283
714823
734112
902735
505239
167486
203270
214656
533880
46698
425285
768392
671681
431755
227159
644844
308356
74728
141989
766852
618510
48176
609615
765746
85176
958658
652536
132208
326221
612680
628874
853635
845907
786558
685837
621772
678200
523729
180895
366013
263835
389922
564497
521449
540915
711593
853662
965619
380128
328823
394377
12136
285516
732308
172882
196521
980798
412806
240084
649089
923195
21299
701694
952085
99609
309022
741676
348601
636129
912525
729825
933791
209376
729163
630115
962282
543242
525193
96371
719201
741452
315808
360680
935295
652909
729522
642535
484006
239711
633902
501441
932212
267752
807218
622633
172078
599016
137802
546640
392026
690310
582486
475167
832297
73467
934666
214353
363728
516155
646800
276394
193207
1339
105544
402263
713546
149731
649263
968483
859566
651794
869917
453588
16974
668488
588008
961120
77907
879861
263206
627855
504242
26779
65680
549870
581727
473634
29763
355117
384031
675960
799648
726
938491
280674
548242
968362
561680
765924
162223
959450
601860
359369
605752
54367
360275
139536
2619
913910
518215
179763
355096
931579
540166
440021
668576
498977
971973
756807
42841
290828
911642
306038
974046
591755
832048
946549
155171
825589
420244
404707
419671
294943
480364
282553
677922
705719
866502
603378
499149
734720
849870
260695
800449
758954
962778
350502
222504
27533
303072
310558
336560
405698
126087
520682
185710
694302
315546
281896
375711
942604
262553
546324
570505
55558
293610
722581
737408
171120
967789
615012
786628
924881
659309
70357
73608
842286
805489
971780
933581
137733
623987
21341
574381
943779
934952
290375
56436
292578
485886
799534
463529
935299
533412
292011
183274
226020
727618
303187
318837
845278
853194
127257
594499
90365
657766
951584
246414
820060
767953
794146
779572
626077
613442
425334
262452
299011
659650
59009
89748
68204
812319
975163
320869
265261
435577
850141
831327
749260
694585
893732
676070
339924
333922
489989
932590
494425
623039
108909
85754
401545
867004
832307
686079
904362
910033
195613
26920
753909
384729
786060
481459
357455
221953
690181
128184
966048
413339
304476
66570
4178
89874
99327
420342
356456
504632
261596
789608
727544
96892
74096
389101
315655
319159
607854
733332
729727
633445
132616
335789
114383
301232
802716
592499
645791
844520
446270
173894
639087
705872
955422
40016
801739
545618
601878
793994
972781
844562
803411
332119
654767
579935
559645
38286
47530
749318
412100
76885
774897
354945
294697
956200
891299
648205
805542
276793
727025
27417
453339
985842
493741
326618
714454
896470
386506
20859
100830
263109
700662
663794
333532
960286
414929
384046
794919
578687
326664
794540
238314
964327
107475
226281
631988
888957
312775
517426
598684
616682
719896
624471
391119
375457
624303
596094
751416
12222
891108
388307
621194
745740
440920
54749
116461
413153
729970
694828
54018
582052
951796
34031
157845
884143
993081
525154
440222
587535
981325
419812
489972
382568
847401
38630
76815
169142
363849
551680
776760
941486
279788
472093
872207
675395
176424
123415
144825
697988
298855
95390
444260
181922
752898
765137
202104
359632
25784
973551
605275
72579
779979
100583
853793
867417
73527
923915
806415
754261
776911
329059
765962
75016
359351
951326
522337
249165
111992
791203
473268
199979
854403
365574
271935
196445
471685
556503
721159
456749
229539
407252
249439
847228
423251
730558
995031
576287
986390
288457
569346
926820
908886
67820
580515
752754
664727
296409
975860
831246
35741
778439
495378
419770
50011
324266
988808
5560
844627
778052
346294
773484
454223
120085
201117
322399
838842
731758
598026
159904
506075
158692
518557
586436
494383
755999
482037
827023
444643
54802
163899
770027
94635
740229
487239
505813
296706
299982
591986
48279
891902
359070
331065
724911
611855
271927
898954
846671
63380
11835
862127
301374
387929
710048
699476
602204
520433
17024
477558
326914
521901
587789
255274
788808
438646
34914
479560
898208
946444
709940
793842
8927
186843
875943
529028
407900
887287
258877
439514
344241
648757
898217
967544
232479
132325
893378
616154
107598
281327
384659
623321
154993
802825
287503
316407
659272
17490
743010
912775
283711
171022
398242
678012
688884
69695
129636
749964
499862
658268
310699
771968
106536
320880
899324
31579
301221
944594
593293
572644
998974
157501
36699
610706
623551
595915
728603
21844
612111
958547
187912
718842
145878
794779
820891
838019
985529
489020
823897
203715
547840
906321
985030
938225
675545
410651
714551
493259
201654
781301
733189
753446
797713
500526
49373
794326
252111
546952
169397
830197
30402
581004
707097
55188
528265
633608
186147
773052
622099
369191
413065
936991
95424
984171
790737
394656
299048
471945
38623
955644
640500
28448
879471
144595
232298
693080
496029
149399
888135
997779
569377
47184
232965
827667
88601
47113
138044
689640
925375
348123
984741
343892
887098
259667
716345
128701
904272
542786
961208
24653
131064
907490
698757
37098
955981
259232
667694
831373
197343
475083
441802
412481
54308
968535
671291
529210
127180
633293
401043
786832
472050
27731
677779
695574
791598
164051
951311
559387
884359
694411
213997
131901
180038
484337
662796
421732
810470
56641
320065
615266
668647
592484
42108
194533
701505
459070
700105
20695
329398
968789
988019
193043
116544
173913
735235
693635
832234
831764
602470
609690
996027
827439
805996
553259
947660
108958
99501
281444
793147
280233
286086
762731
849592
403096
872449
87700
485245
480827
179730
525116
738394
382099
841406
584901
423790
85088
936087
73134
387122
486408
996514
156493
565679
710753
759193
281196
660624
105819
753739
503998
997970
407245
259489
181052
63639
745690
263997
935201
829786
90048
299259
889214
71101
471485
960729
450106
373887
164702
906611
363178
930633
981029
474599
500745
396455
434262
210455
588116
247700
194910
820684
123525
770733
115489
774775
793193
563656
309854
115732
153440
969694
514049
68008
282545
295267
173574
982825
28744
32887
183493
293756
937613
718004
116894
498072
349921
280040
660801
701002
456631
306205
90394
7763
277453
879891
296408
425580
859270
438159
700825
506858
433190
401420
533428
609531
470825
518928
873122
291792
44864
913818
835081
176533
882665
799607
729767
915611
644138
503348
381335
263255
520425
284526
782403
389700
118955
117701
68839
675619
665767
685423
593661
119523
638982
560425
9547
189339
216058
450503
844805
505523
362616
449645
901535
613859
554195
975894
89268
264403
673398
484369
875660
857570
35518
622541
54477
733059
394034
433289
371777
807809
677152
452013
136832
402979
550421
654967
750074
881642
283640
40526
343715
524663
792387
25651
483323
299593
599071
16597
934905
912613
620252
468291
143699
769870
133194
526332
684141
934004
941431
45090
557852
655273
408068
569997
797973
31694
252646
241788
421686
133324
412727
824807
642353
310974
945398
705520
68177
99308
437217
689783
406954
621427
909934
156556
607714
679296
201441
504576
297365
958267
922572
987092
598505
732160
954153
258579
40816
588552
786957
474812
415283
319782
540746
802071
396193
38830
950884
98600
598932
948976
854957
767745
614012
399330
502272
108786
670634
268507
613462
833564
36987
508796
876232
797988
224479
564585
178017
59011
476997
476597
97759
932217
242021
328796
409415
594785
759529
100009
189026
757344
831225
184440
575383
195575
29986
906774
507430
495865
192482
85764
486591
653078
656082
97499
84989
95061
128944
355977
455746
999328
750920
252089
625199
280057
751039
136273
555712
209867
829884
194197
788355
264987
722867
912681
358259
269277
109519
54963
645301
625891
208444
302495
886382
376432
719630
844668
250047
192875
302161
950659
660318
959663
997614
22584
226834
546943
41526
246505
971786
886359
489870
789140
269723
951517
145784
133990
626005
41975
667450
736797
94144
239542
146796
820750
930296
960303
67619
715203
863394
639403
265270
550076
287306
718324
419177
749974
326747
588112
647422
222410
764282
771914
414100
601100
922047
718123
113273
356883
553808
608840
574804
621112
215580
258165
641320
243448
434673
357911
255622
966164
633595
444119
951954
858072
137626
296563
114095
749368
648414
709614
801994
694741
97058
522728
88000
895903
259202
908168
231725
160149
849338
267285
571666
209897
668828
654116
72482
161791
944942
799276
100201
31123
379998
510965
38297
266233
789730
467759
312563
962112
502064
96351
687631
846832
420759
281332
475336
908403
208697
999224
831174
149520
284005
425058
461993
442450
237781
290184
23246
854535
309121
320241
423810
615844
45981
410441
887809
115462
79798
499886
995497
39123
492260
687655
85632
796543
600237
159604
115870
631595
545015
145408
254905
828775
560999
998067
556107
464408
308954
495716
496354
337141
634558
602220
420868
296171
795087
807509
10044
63009
789610
62386
984965
583894
198223
52936
76626
100901
296120
936106
969848
495211
342160
155234
729785
898175
385810
457995
749870
525472
382399
415612
111632
757357
755259
60703
903203
680077
480901
228639
970879
845870
538641
431743
156668
787563
372484
198536
657337
608903
309643
389467
110857
610198
285337
738020
559163
434619
840827
467759
531397
558348
717145
808596
515724
107986
533387
826254
486803
653676
977813
451946
12605
247763
171265
410523
418176
740023
177688
629354
375273
437001
632572
813386
263621
869970
485477
251210
249331
80896
93238
68643
108100
853697
173115
971185
771852
867848
416642
228991
723336
805869
722003
269179
60267
495153
478988
832520
129351
485919
327262
701426
945173
227341
394974
102269
92065
133890
603848
716246
573013
567602
210775
455275
846815
867236
573114
659990
412930
443572
568179
437172
722038
740725
80593
485268
823357
758766
352392
493964
353924
18309
747882
484005
236209
175866
648900
149302
430415
136714
93975
753614
566420
727796
441586
982155
965067
671895
679529
107015
154594
23226
252404
501170
101906
117542
643622
544443
898214
665902
849863
89064
618667
722895
792977
945286
404467
728690
919108
200698
584709
643790
655526
917237
299812
327978
601946
496390
986362
640256
854620
131401
526306
230781
538583
518845
48719
225829
566179
524724
31196
885524
630622
22563
758448
407071
330854
294809
330765
982937
204144
104141
322614
234098
289160
817232
777851
424505
379045
549153
413922
575809
335528
762399
874932
192418
31409
304409
120609
124439
931486
373441
219024
273221
271841
873792
46855
910363
449277
453283
687412
984788
744477
382578
802838
845401
177809
707425
31691
118084
774310
998752
717494
172608
996640
377037
122892
854604
952086
498825
256572
315614
393067
831272
2617
507172
982756
574210
863653
38053
518315
293543
826651
19399
44767
849391
611097
529001
521750
893934
791816
153840
396400
296199
473194
505504
439257
61592
996895
361184
860826
896275
886356
597664
478108
80940
761609
251286
784635
269166
418876
657955
869635
910825
781687
896149
441162
532550
931891
803077
330922
543099
967080
533921
541913
809561
463602
168900
437798
807874
527585
551425
148113
81337
825053
419839
849800
862418
38836
38270
538682
540296
824450
800248
383130
376749
638460
676706
759218
9340
630617
379153
589281
310474
606365
41082
445875
347163
767363
125970
262363
31441
405318
724
101967
798591
367180
285025
328960
436700
800112
934593
308981
599572
542570
724231
591875
810040
438237
947475
484139
213588
602301
389042
409104
434593
248219
578592
934419
588753
809039
559213
939597
859208
221313
796732
874792
665643
485588
850856
613018
761360
501935
441730
704192
7509
665256
955446
276179
414604
65423
51212
185161
522644
547029
501258
73674
102723
138648
68278
247245
813631
561996
45944
710031
771692
532231
727326
26224
69503
844328
496890
499562
998322
316517
408230
136046
781264
668785
2280
575965
579632
51718
215856
321439
898622
881172
86974
488164
281396
385926
132192
196853
536745
580717
669721
521846
563712
261067
851166
252986
504513
334590
943034
643715
586244
811912
916433
893077
510537
515639
912129
494133
201765
881845
322404
269379
825751
624366
693682
133361
818937
630745
914180
46623
409042
669798
456691
753813
979848
503235
898335
505436
995507
39050
628363
499961
390412
756746
761766
131143
961476
67824
925285
16368
618353
346449
53643
862279
687523
520407
666506
878533
78165
457159
488835
692959
58495
996843
780586
458304
929992
603552
439109
545832
962521
653886
879571
568865
573837
314655
553865
842713
590276
429454
615543
138273
893591
683982
551114
86017
5350
552132
495466
748085
677580
286146
508484
115337
613620
260272
608994
768076
216133
638425
144437
475060
203449
273807
454261
959054
905611
526844
664991
546719
577487
280583
95837
476252
552219
449631
485636
770691
215139
657511
826743
547349
475299
755262
568360
614064
782133
202922
620159
921228
322882
750688
585619
315538
383637
732850
455637
352212
594251
988117
963788
120685
772007
845966
128826
687606
764226
656889
799582
438306
174559
421494
716243
605687
530653
933745
613590
250538
30341
958539
710116
835477
300995
791530
223810
817303
512626
824538
909462
989000
492880
941854
847283
804375
221201
18583
916978
56131
977103
933584
150139
211826
691870
903652
547171
731569
275838
376524
678832
656969
899434
515145
17527
366010
649229
364138
938726
65559
25940
496059
875934
901373
91038
535754
574584
247601
479888
85399
183145
50454
900998
277591
638784
782151
883556
441573
738956
219543
312394
308038
87962
564962
291686
978583
109915
210768
354595
141717
230821
598822
304959
889097
674768
420552
616698
980174
898817
278607
54506
640576
512387
237187
104939
81731
758096
952821
553524
688173
989360
716348
737862
481425
568185
540042
991677
181865
269364
270378
865545
168991
446304
557464
801846
1848
645200
513148
473958
899934
968047
880133
207905
617288
16996
330334
253379
823752
559376
922512
302996
10288
406068
73524
777141
134818
307824
663955
190133
931187
488678
884444
288963
307260
708349
179329
667966
648637
84610
458350
470825
6957
40808
173478
833914
827106
131952
209980
182737
123609
521252
818220
727366
637539
655101
640916
780507
204781
346788
324818
628304
565034
534294
842619
454678
761055
387488
260340
372891
393546
558538
222449
186436
613552
19664
675656
659833
846914
766283
815601
487449
269611
220847
227868
827407
754233
515053
383151
657148
55077
41529
824219
810388
731712
752358
402842
752837
781052
663724
707463
474065
461525
585548
239833
644733
303002
701258
80893
551393
315292
264729
655824
396960
340786
222293
950902
540146
210725
931818
502426
577245
142463
764562
772034
352835
479979
359803
535309
289748
317769
307718
860428
697187
107153
13612
440379
291094
22561
426171
831579
178360
60068
12734
258221
809385
85537
120635
133836
437
341341
413718
80487
174977
452526
227539
298203
918049
600798
27641
108201
365639
916920
873810
487577
814423
797362
902158
650602
79190
915510
961607
180852
782592
217103
335391
653788
1656
527341
417541
172852
242330
270932
574295
350829
503724
487015
489825
405049
154164
635021
949252
946305
754531
630974
791986
485056
833327
48044
579286
626747
442558
379408
653072
560989
175934
500367
301342
219698
78097
359433
552406
34048
409126
295295
368336
800766
459491
119326
106976
234674
350014
263020
749952
184234
789675
74254
675469
766486
820080
9203
139240
657856
925460
59617
939709
443434
36789
659482
559008
752963
513721
353962
765267
922501
207005
979152
24612
354670
989225
354311
62835
509592
128900
327536
332498
590647
800164
526941
174405
986799
713309
638588
147752
669968
600347
389150
622256
471919
822059
55843
143177
706146
435955
338116
533343
590999
383682
66365
769977
674513
767362
439893
678015
306689
177674
238475
949404
154365
287696
764383
528830
776671
772220
656570
271290
416637
759063
227322
461965
668992
428706
779038
862974
235747
131907
21195
453855
291914
97818
173113
86642
319548
689971
562877
916455
69823
661780
43635
440131
608783
970869
255431
53277
876538
819087
671264
244995
752347
776205
979306
983097
784817
117855
45375
143841
59803
130542
355954
602358
303346
568170
973175
858930
408835
189950
733042
119312
373991
224677
234202
596972
250881
118678
216906
516870
297556
279579
986788
502885
828734
278912
749090
704472
882901
123110
587643
516311
801117
92151
914414
886409
418531
875123
453613
20511
77496
82409
767785
136925
509901
476994
928758
48633
247592
169784
69788
742492
414849
566500
581753
892037
53563
554228
71446
541901
420930
455995
261572
813509
950397
821794
601714
391099
656688
878460
178895
640156
984882
100280
595862
986227
820101
168175
693947
50511
105943
222749
653424
232259
989588
614189
901716
467271
358054
197485
677305
123324
666634
911969
741648
793421
151504
410163
31603
687217
35247
771144
272591
958925
165506
960109
981804
710005
306467
945968
161883
47379
761379
295691
357819
12064
705123
789052
625639
755344
292370
30960
707327
242123
510659
888029
368210
920853
590249
243695
207269
163982
399986
363802
825763
833173
931902
118094
667552
408776
989243
183945
415051
757223
829855
391494
595696
953367
631936
48851
377128
328578
880403
681792
122398
804891
261631
335475
149310
377919
385181
945881
831099
258999
251151
972535
408445
227098
989434
670750
451110
990864
21089
880509
135232
609265
281887
914192
578181
830411
624897
896375
376970
168131
270013
560993
13256
884690
707411
426151
815752
12209
852991
253237
919787
261840
889112
939299
720403
562047
733833
331362
133362
513328
748905
756753
938157
925139
542008
309167
979308
821985
263800
549163
73152
303989
273381
501720
943538
719700
674899
484668
547236
251853
874020
887879
499302
531196
843426
337377
697816
566312
760703
452956
918263
241100
687270
229577
570310
297651
363005
152614
2265
363068
111738
34421
130433
506237
88351
53352
518991
850052
954131
117752
398855
638137
230495
233940
834147
769311
719553
407543
275584
563449
459632
937746
713897
846025
184942
747177
807807
967412
641923
850362
138241
277505
163931
336471
979134
958720
458942
729173
212116
265479
73767
478749
267875
325016
397700
625055
958484
193630
230857
917671
703680
195670
402033
415112
305150
356811
35667
483444
53900
462457
76253
949485
974168
391379
901807
600214
174444
82080
435094
360803
962037
76672
55331
474544
979118
32653
824232
370285
323310
249373
262734
998326
904650
134819
813590
822400
492648
118069
520426
296623
802081
333864
114719
379397
176722
394711
217418
805366
831296
437315
767804
210007
193317
746516
18843
878708
590491
615038
246942
940160
392676
768383
89316
320039
385172
744772
775026
999552
136027
114731
655623
144990
281459
539876
395422
371142
459810
634800
975808
562106
902444
196940
641859
867124
381081
459495
185442
452463
784414
81614
978618
309406
94315
185256
556895
681152
254160
84253
56537
875851
65357
789203
839998
185029
385972
376976
511277
887922
244669
223299
702436
828456
983078
631262
240191
357822
649541
272988
731406
520931
348588
134880
648593
590602
30007
585278
485331
519107
860340
57298
229600
866725
994992
707534
27619
424744
851290
739346
33889
86671
917910
944116
621132
232706
925921
776735
613125
134586
498588
668375
202673
557205
840759
743770
981495
210057
762363
907746
552531
832309
823795
355080
314330
313619
723832
652930
946762
994058
166488
343501
544589
454368
618659
253030
817099
448397
80977
570353
248424
14890
432979
884029
68193
156296
891893
749343
61630
858270
443116
46523
847861
992730
850498
930913
704219
584856
305307
699091
361223
454000
831522
117797
989317
328234
205397
783805
135988
945421
862123
682490
175165
716693
235934
837425
931888
16898
595224
859091
21052
629773
714046
877034
843211
903670
940819
848386
240888
801336
249035
612772
795758
239326
702317
400510
844446
672431
235555
11422
273436
957189
193057
815773
539479
406012
145328
705240
432499
476549
17366
902490
376773
290394
106020
893078
745578
244492
766556
662671
468100
674168
397884
785242
853011
205336
263403
975739
704555
722293
673855
167085
567959
889338
639849
120638
328587
612901
805118
961750
703934
760278
475170
278936
111788
315658
939603
770080
587430
347937
121807
240365
68500
483483
902115
976600
994569
759073
86290
48706
713857
885056
547998
401549
566074
780976
710262
691393
566699
290322
472187
911694
588901
560633
705712
215985
503365
507552
789183
792879
182227
229817
829794
981694
446907
103781
65140
556291
880806
480255
502805
156982
386867
475410
300403
494562
741719
691115
225212
662601
691918
241418
933021
943077
380348
716722
416501
834440
276901
898784
670683
536997
981253
414808
337992
513959
529038
333978
24739
621887
174844
555508
78632
824891
723670
289329
250803
361682
857091
333871
700399
353276
823237
689678
453782
78206
316183
159236
761507
376579
794463
751758
505372
734566
632080
136641
900021
885453
772192
110463
953059
515951
970720
571525
399935
768309
328893
947296
75026
231102
706705
475327
22083
429629
143143
217508
727642
826430
183562
601653
99312
306630
248776
361391
339957
295639
20104
981562
635166
616146
195141
24855
608425
384695
587558
56117
463950
908040
694460
10403
976388
559373
404759
160928
649388
795504
431941
233231
273758
851464
996584
882951
775183
58035
342835
887238
679260
841179
11713
487941
403573
830620
816210
371942
824169
3900
635106
476298
480777
221016
67816
545727
840572
871840
23016
122774
823327
886905
5109
35411
611478
907713
947079
540158
636212
169327
425908
22167
124227
64407
615119
509286
559088
149645
561498
436912
832918
581218
249064
49670
828197
629002
483924
850103
181230
341982
255639
50149
524367
694204
736970
693045
689974
591180
428793
195936
570387
66782
180576
723047
736990
185583
489989
696931
903298
794827
515889
698298
658725
538316
728588
365678
835925
143360
866388
106831
454608
942632
983610
654417
600239
221149
265369
621176
60401
326670
687508
979759
746016
235684
733450
261625
96802
915014
678520
98943
98975
353784
193260
335623
795593
622238
376290
303813
755596
367455
775997
200780
132180
107173
931491
400925
191350
638848
86453
5088
983356
784042
224426
345904
424144
5669
349639
272017
83011
764225
783421
493181
735675
758394
633119
816283
757623
996605
544190
957905
43840
647563
228386
564528
338543
740599
609320
682446
613845
425609
248691
756402
664394
432645
629264
55847
536725
208325
452778
216499
414325
996163
432742
287522
887434
988979
65500
74555
242595
727437
660147
726548
347429
221672
159128
52097
83796
27970
830491
77864
801921
201756
682278
612080
810384
492098
879194
746776
190629
96041
843271
782500
398763
956272
642568
670577
355328
958857
336890
351594
487297
667057
780375
344211
317869
114907
56050
974531
995768
76395
129233
117807
978863
935837
480610
405600
608258
119366
969372
893447
970099
2291
242099
279655
890842
428142
819383
296880
304018
608479
420746
78508
687236
863438
57020
692946
128077
680006
75461
548600
392015
616021
237726
102822
985425
460273
235388
226310
279316
443125
427562
970615
295859
197768
418370
804544
459445
919070
889223
738913
681267
147224
205410
969478
189856
204103
960759
554773
204026
171854
391012
507366
688140
756581
299286
330386
484125
423802
36359
300004
88633
383474
225752
649069
451865
135117
740550
52660
861041
551975
1100
55369
998743
151962
915669
772410
301195
683585
738589
562911
821991
614232
157283
836432
596836
835647
853773
636087
461126
324445
877528
463360
60838
220833
223033
937517
185050
340452
762389
930757
109122
723690
710042
479084
830386
617032
131832
968014
735223
905439
692032
126389
437128
118854
928023
279611
761355
518662
493654
82009
931072
691838
760706
621213
503822
466535
743843
972538
489064
242546
330627
103866
947100
565838
479684
770254
253816
508165
671390
289926
774745
207814
174197
102555
99665
594749
983443
846378
179700
794462
677831
508348
906815
251970
689177
248640
787878
646120
334632
329242
993721
452572
596579
604308
302962
975861
402848
787442
42013
686071
970076
709604
558628
441817
341840
410261
896758
262754
915948
957921
63252
320685
379634
428451
794104
273995
875058
810475
514530
188103
721310
921487
22080
210436
33161
146457
761849
65091
470593
142110
183574
850305
711045
725934
15181
987901
822501
358247
449260
691159
157621
947812
904351
115604
245421
976403
378205
866750
353120
741988
359029
741801
199831
742942
220529
216272
68362
667020
922276
726045
928442
521876
702293
467271
698733
21479
536328
392342
940423
946900
270629
87426
413314
430200
11016
83513
750858
976016
653732
490048
841016
928751
655380
731441
38248
648650
856512
530402
11577
538353
868392
936870
181088
195416
870736
940525
235561
5204
199816
627271
406604
852513
278871
561989
290216
859103
865092
468288
736991
415198
533824
932019
875149
616846
47475
306627
82981
42841
238305
472928
112746
876492
493177
832195
398727
120688
625018
92247
906829
303607
764930
683380
149383
483026
170613
295302
512890
635104
816710
107788
911294
9024
180517
886781
291059
854983
555717
365573
991010
58189
286089
559084
594226
718434
290506
543832
475652
783838
406279
207145
319403
458454
248938
589954
994699
618155
529971
964392
818445
625148
85828
583746
441084
364411
116359
678016
44863
530461
677055
138200
600883
772139
159658
401516
619236
196022
259792
160712
403049
608744
719724
322119
183193
187381
211635
898389
35949
604655
603333
752526
339060
975033
714543
139781
282989
455507
859099
968418
182980
740821
227541
358371
929644
718455
651898
681027
233045
513676
148671
7735
346891
97231
153051
274581
444523
367446
653331
527632
886210
685027
972448
69342
246403
302298
761086
109370
702885
962316
984787
98693
349143
275697
407610
897864
406689
599349
89836
600596
953304
53545
710155
141962
721789
23578
530698
898423
245940
483455
686331
7703
103708
979468
828022
788667
399759
501923
960931
530181
531895
756522
132197
445135
374283
532471
708003
505835
668133
227432
870644
826117
136898
735440
944999
69605
388181
974156
76524
880529
905224
380979
656353
314063
466960
888683
657981
262216
706987
645017
113235
301064
612857
283248
952004
955810
789236
25771
103812
526385
973646
635541
250503
557561
512294
438789
842183
229419
910886
712424
195957
444807
688123
484150
750009
354780
423154
764423
568936
367339
972844
875838
868994
9066
950142
155427
480932
156260
616551
232655
474704
819709
896366
998144
637591
890644
4760
261133
6497
115137
490051
634355
815641
82301
665699
736397
855991
630305
935254
549922
375147
748871
9189
16281
440739
750029
599001
513287
977017
301112
437944
129769
444092
948788
537179
622509
39834
505145
890605
354986
915047
262410
789954
951089
244428
625176
881745
653115
494094
127811
953296
622657
98682
160448
199850
456107
550443
200981
258272
759968
728887
93313
806265
66172
346364
733178
397607
333216
212994
996558
466296
954082
446413
842091
570997
798501
173634
915834
474011
933764
612403
806373
317107
607016
942729
516282
392784
914170
200845
202471
504485
964145
711699
385765
965824
230028
580355
617394
38695
893724
832709
83446
177422
690553
555081
601671
735921
950101
714992
721800
818068
284013
674330
734956
283221
840219
290573
460632
632426
485385
561086
494567
343805
606080
864256
130439
302753
549086
705350
144768
620527
370342
432278
72597
426050
421617
865677
445763
48395
580739
996105
376550
945105
764601
908150
533819
450504
488030
792184
229504
801101
558684
283314
544568
889020
56079
49265
760843
136431
185013
406969
23881
423955
886082
298985
970959
994536
412624
216269
782978
429333
829876
826304
51641
466021
382956
199228
370615
309986
117492
345664
480981
133324
889911
580764
946623
256246
945443
732892
207509
888126
396117
591119
751409
187559
964084
168883
18888
925717
644057
637822
609961
762084
382956
920011
852899
449316
178826
562976
580036
291509
984866
133592
450491
475644
643807
318578
494815
266559
106303
863796
477640
943523
26627
962301
82267
845055
326335
461862
837476
921436
213265
478932
394524
922508
819630
772254
384393
707171
36312
522133
165188
754711
878700
619636
42006
648304
721751
735269
344508
171115
51113
922414
351434
343409
364354
213622
899564
725103
471272
668024
997191
681105
89083
770499
467006
736160
78207
444523
332688
969910
571673
770448
693598
607642
965525
730888
276874
388924
796964
791404
716348
279310
504675
751484
544446
815420
624918
86704
735623
602506
517363
823388
651541
791305
928475
317438
956019
127670
490724
617255
969818
985007
100369
936900
107636
967827
903267
189769
129531
430709
249928
985401
819328
675835
861362
327892
601096
633945
353411
755869
209169
630054
760164
202310
690162
588120
82549
964922
232416
328033
130462
970887
62093
184357
392452
570919
27690
607574
375512
293289
818958
162670
425737
509121
767471
160904
309338
642792
254220
657564
321806
918705
662637
670805
815487
99242
891522
439697
377165
173419
636009
110580
181044
931646
795723
47145
310967
195434
322597
768759
344441
292830
839845
973435
660842
739767
231914
475592
879966
294126
319534
776407
507321
178209
133888
125484
221319
696380
562345
132360
533864
768260
972145
248389
519848
647808
559226
129105
271405
679044
852681
761865
273674
90459
63973
177073
49968
38864
21208
586830
98819
736473
899538
667873
952075
843873
175213
931392
11393
118769
693004
193298
685513
932602
258332
353190
486528
363393
873468
271024
198634
512487
800185
91106
586126
215636
130354
491683
760414
985664
495131
904687
627278
308701
311644
282379
154629
762725
326873
768995
165745
607995
246797
636930
212149
342208
77199
1132
153278
604085
465911
506331
239475
149512
754074
756245
91786
503997
676656
779878
341240
884922
357655
461183
407616
820847
940208
186539
120813
281888
85096
825578
196443
301584
736273
876780
220591
223500
826670
305451
492774
564369
139662
180645
940043
474074
447631
400629
552386
540170
571972
694861
128898
676403
250737
439634
864096
533249
878195
185428
70342
626631
942844
282921
512194
745443
547900
864805
697083
389903
576476
612471
982462
535815
819428
606883
662390
11795
570557
119576
863162
900784
474512
686509
196801
151455
276300
959869
254704
15049
394631
285915
547988
893581
925052
427444
918123
332136
619187
76096
238301
201472
789182
840740
459336
438477
679711
546792
564025
267748
979143
664016
789750
645154
808889
396697
434040
54961
351757
919633
235510
656570
257105
357331
157852
557543
294730
837214
927130
570323
667928
557522
782425
633617
549431
812678
156361
295318
195170
326152
784022
677700
268370
304498
289465
991699
68324
349221
586283
10718
911960
640933
837300
832136
265589
780369
604065
44425
557322
838589
173715
378137
35536
370798
107892
589239
821228
163953
793157
940566
691472
129240
577555
849189
291137
574098
2185
823801
601843
94374
360414
848538
895632
768780
687534
749479
870232
178856
518119
785062
348513
556068
221146
593260
337216
746664
848561
516197
631680
990649
462784
638401
720207
377899
787828
285244
202937
155332
711144
930440
177355
164463
269334
140312
823513
713242
382954
629451
222492
172460
847346
818803
71219
519206
372978
957890
406090
855509
538197
137360
799128
910641
507389
968268
32386
2454
815483
947004
159325
678684
973338
494514
62417
902229
729814
301325
899353
23778
918186
827049
22822
695922
840711
525156
219811
91673
845216
967566
913364
67080
909730
485996
104087
731951
189954
522409
408717
601004
696494
880730
767762
181486
367013
348652
331815
100203
514978
351469
300721
790522
3379
446259
703579
888269
850473
741677
231510
391951
106344
547716
831488
630422
772894
537389
390114
829637
453009
935438
990356
621377
873744
487498
708603
413006
745227
511403
790963
225541
74303
659947
558087
847028
601353
863519
924829
999506
763868
42625
861487
938077
963534
208536
155124
391954
728396
342022
754653
966152
342638
242478
499131
817002
593446
20799
881533
316239
655569
843746
27991
128760
528368
866236
476543
581733
837424
228640
405393
383636
930533
985620
117843
914839
333078
27582
366994
548241
944113
42412
702507
205773
35807
503933
507302
307194
282674
759534
433724
970375
831355
214916
565305
534167
629241
431699
760252
198049
514284
808938
583132
58215
491015
937308
269349
132305
207939
947179
128832
273382
702416
842450
676720
632230
663782
856943
15033
944070
297018
212683
797083
964680
718157
657736
721596
79607
362910
687590
212259
805180
130368
408945
643168
219424
815494
899723
765898
508703
891290
128465
331680
962853
9517
605677
166545
218920
640776
251704
175512
636705
551234
162889
992766
527400
202634
967839
122371
359915
66404
95463
506199
637450
986929
182378
662787
487187
343590
915669
944293
891797
8927
973094
273176
351971
106764
275249
839986
280295
690569
614476
778727
145439
421900
709021
977482
922553
827640
939582
208372
363079
154254
520330
82429
104351
184131
839815
33063
942290
567084
442096
64987
339207
976981
685213
775947
734451
913138
857425
991798
592183
607277
244512
301130
669909
696606
147643
355171
987280
144217
947738
556018
681184
777888
650820
197817
838287
320313
379454
572018
57075
766555
367886
937935
606408
575554
148266
432989
604649
853346
808514
179586
897067
550584
637671
844773
136151
697019
788054
97772
715073
229745
198565
777504
597705
257887
13833
518190
252910
112985
180866
143431
836362
21751
934243
690086
937070
363176
727618
597937
269082
231584
952632
659001
274521
42413
478549
125980
532151
997543
155299
951498
816032
81350
875733
971300
694871
351054
554445
831744
484687
43109
105479
999881
721130
492229
881253
991172
152267
582732
806231
280301
496090
925488
868326
457983
249427
661585
91998
222675
73291
285159
708502
630176
806657
888026
792093
948513
526685
774001
908419
952276
328712
600994
25473
951582
29479
422663
817158
290316
820021
104434
991455
687476
200187
593047
224257
766458
347119
341800
644918
534766
416231
782142
816354
14227
625720
145331
616177
9659
524591
594252
76448
547149
623147
973715
777636
422953
349654
353028
75450
739874
141950
245789
858636
57258
451988
814168
616445
514123
419007
851253
160273
986833
669982
391728
280636
169414
197913
517970
604550
915541
387042
394212
987223
802256
144270
883198
545637
204173
601162
635197
598455
515627
854843
595923
365844
300659
686326
581688
838221
198297
833369
359230
863140
214945
971780
923010
665944
920286
752503
224830
712654
859477
218058
269948
880477
11713
335683
284069
314422
770352
531607
736184
341422
275147
496512
814998
903530
288050
235959
857849
717158
416198
952975
315141
371682
806464
794734
842551
144745
694334
795432
524730
858687
862558
149689
151896
997094
841027
162591
244877
975053
615797
881618
102520
833942
110629
39393
437995
15298
560077
932650
931169
770236
712694
994230
218319
154751
458579
983791
850515
115940
920843
516286
339081
147724
941332
680773
862269
187302
260283
251190
787194
279645
704960
567246
40193
483873
541789
986546
490069
171857
198247
680996
322419
975042
518030
205858
412832
383471
895487
843611
401754
920509
216808
299663
877168
536296
280283
81346
76141
342288
405516
702172
777264
864986
3893
301536
639383
365636
617689
737287
786138
183369
440420
583288
72756
39085
433713
363687
609531
951334
580390
536519
887889
297959
160250
671405
914675
104394
693079
415235
568302
162136
306330
574885
775538
930040
546616
495195
2175
103859
542266
29684
525692
828512
201256
389947
482854
425393
255556
101337
465829
568152
604397
565062
575035
874455
752485
865581
722005
800611
55916
210076
200260
779892
992651
627365
585925
309164
712812
465620
776700
594209
728934
619980
473728
23817
108631
631808
750543
588801
115947
171467
474466
342650
141305
982893
940892
940800
598604
793635
900572
598504
62334
712802
323825
238294
304192
276079
599405
519336
295159
892318
830738
564867
124161
457125
985962
177016
641238
143387
543091
615698
494089
830355
779190
504318
242796
755663
800184
811159
678803
699683
548746
838670
433777
243496
892155
822643
791648
746137
870062
104994
39612
195149
297158
393420
796590
159633
103805
113377
618631
71777
664212
231063
378178
283843
979301
744730
363052
301185
542036
889872
870623
87169
303076
883912
967978
200130
536422
762686
320588
859445
116299
185805
844511
60854
791515
666290
376914
52965
591743
218744
923279
374629
877752
986950
132027
805681
632178
403777
445787
728662
894067
900767
545684
495185
611054
476489
461323
678021
186420
208876
21803
725913
290954
622173
399940
441452
805269
640742
279633
378422
913650
639218
993298
901884
407842
203792
258904
819119
457250
536999
773407
289890
380185
210103
950037
448038
42667
892103
83513
191109
336683
643057
238687
876375
658349
514502
649424
151875
565497
285919
128397
611606
184219
632129
63540
803065
210199
27756
640892
134546
107129
762432
607515
366010
952267
410125
142663
254486
702689
246902
593496
491604
307470
79872
657548
363972
374841
189373
979301
521232
455753
906319
675821
534170
92029
39067
210073
132785
370841
469836
257228
281198
156539
890433
878962
280689
86604
512596
717581
12916
230802
830152
7692
40520
602209
186254
402263
372660
190769
584884
844904
61543
674507
795243
214291
251606
346782
491955
77606
683702
177838
750309
927211
347736
789228
980188
669258
263324
185056
272129
535051
466195
418818
262898
495034
60213
292521
126223
508067
663355
590491
253729
640765
255515
330819
758118
677475
644190
967360
28605
24765
83103
385882
919274
15741
15010
957391
597447
905030
526094
440972
250312
367207
546120
833975
911209
371460
721454
950633
454582
647125
174381
988409
922039
523976
329088
32307
992821
102018
149509
126760
604845
272451
698685
702943
102673
98024
64992
918953
949877
196681
556443
493458
976925
905602
734823
673780
543648
353935
494279
740197
605112
298641
328734
977552
509353
834413
44906
459425
160012
779924
945441
485018
983416
666269
95398
920707
24395
135950
49192
280062
805402
890105
105176
481016
335603
264963
181189
110588
243339
717696
953493
472737
976713
236154
593762
85092
638958
147985
258542
46480
810463
418300
111877
399129
454032
311213
432302
267081
284687
646355
14989
284626
320874
909753
840920
14338
13886
332492
150580
220564
146014
360185
911467
208034
163100
910325
165900
580408
380407
828630
684960
387333
2401
244510
94788
202731
610091
918553
508584
886133
751119
733788
809698
125416
6554
102189
151152
934002
694068
97025
98761
82239
236429
284576
5598
500011
747750
632549
489586
208338
711353
664289
74898
42178
373958
380320
116339
330066
211260
377795
553384
121868
869376
376780
958909
83973
764444
567225
674995
20046
439239
405511
177239
910403
716045
408215
482241
702913
660635
203118
319462
203892
727913
230551
666907
938189
340228
965219
952743
58771
233527
655313
730179
765905
923093
349704
671600
208429
964326
875072
466229
551833
591212
986753
428212
745122
265552
790660
566120
177702
198318
725749
682174
454179
927162
527578
853068
73130
98253
614157
625458
31538
521488
950757
450380
788872
344323
914483
903185
172964
109995
238376
339019
172632
543510
196820
796467
888673
911372
219337
444456
787680
187604
62878
348748
138018
238176
57296
832955
525403
50966
657154
492841
978354
628091
49317
917847
970294
423998
311410
479922
256942
59551
250132
491016
800717
960826
351844
798183
217732
303348
345612
869268
294322
34561
313804
722917
963703
288719
624795
834108
87206
875538
680613
287840
668568
223917
611635
286393
979486
7610
856297
346664
603790
319542
412968
563905
681662
808140
200724
137510
759823
145468
851439
407105
395169
178728
933604
756381
237284
838715
547296
869794
269518
945270
432283
359915
998121
79448
914293
760773
322244
270762
934843
843271
436041
925860
168904
693897
519855
989823
763208
430978
243142
906968
977112
208834
243695
850942
554761
181896
339694
834904
103684
128705
962904
494006
282631
608286
986470
878514
240526
794320
353004
767362
505228
686115
615523
365790
498456
966964
816610
151240
529893
363344
394284
817277
14186
74027
127586
203638
671584
871418
289113
795803
875242
738413
404742
134085
344206
521293
679766
441198
172449
517485
636443
655800
596034
847440
257824
54102
791292
282263
254813
639387
642063
885861
111238
43229
930568
871889
596286
744773
772621
61127
163113
719735
457781
324284
933086
600472
16596
874379
643579
745216
468116
73713
243732
263166
796030
721569
979331
432066
253528
620293
290147
175083
531561
9491
900632
764590
353240
354887
328709
725983
721395
570690
867681
421279
286987
876735
785316
815715
156668
50542
329179
938524
421834
440943
463643
213000
673894
672620
394770
620501
331857
817363
207096
102445
311576
26095
837413
817379
807037
877986
770365
252600
101494
373057
569798
776329
129486
897612
428698
730137
739818
19400
931256
117687
645798
742203
95476
923788
771550
385412
698255
81283
478089
228436
545057
800853
340031
742797
690675
751856
56347
347061
157801
282499
809979
871062
993244
395561
39972
403958
935750
966511
81091
69551
733654
581123
145678
107242
444260
736380
429321
48828
847679
931008
865125
732765
858401
935830
919427
889600
924740
72777
637462
720084
861517
92085
66085
328343
476071
370033
918640
112786
695275
207257
678122
388853
364795
946230
39525
892431
963182
346764
799180
891433
577893
230401
188617
856832
879356
578085
685639
827614
644381
730786
879377
188436
436334
885825
348121
490710
244138
281686
247254
614067
331725
418826
417732
241391
155561
577859
86991
582527
212758
835058
108042
65888
886407
958584
256537
625620
80247
324982
747632
979578
768129
894192
311474
329225
571983
454684
484027
74408
577131
253261
712953
626605
894833
818615
535157
279793
727013
978782
541744
985293
271009
614304
690920
271155
282471
446747
631738
498474
24085
675708
738145
659111
47606
971877
428828
683013
332916
494458
349998
183202
608876
459337
141503
340245
806618
195411
453280
3279
811379
40571
167020
42573
623890
844682
626953
887031
574090
980317
193230
582361
147226
23340
425983
426043
60222
883895
393459
8222
781986
973007
239127
239510
118257
95038
252875
677439
496908
939668
276394
449181
335575
641999
156135
581396
924973
381990
276114
748352
516531
827826
135994
929714
428490
933305
108461
520328
851678
615897
995099
542696
148060
190094
674585
426137
339968
576928
693569
771965
410700
394604
811126
801263
607188
689612
85317
616117
300790
158822
451495
882466
900648
503694
471267
179083
424938
293465
467344
371107
100890
988543
260472
654518
220902
722604
507289
896766
282203
594019
54789
916069
89565
498895
45673
493144
344752
440424
418666
8837
427314
485566
263339
533553
920939
974053
383595
84151
612349
528574
433868
373664
451062
645341
609518
238364
642820
323996
39866
144219
645960
129339
3835
561227
690307
782898
254310
548654
810477
332182
529082
295319
184804
980323
925698
52096
81537
514732
702840
581771
739527
588252
255620
519508
879541
744
725537
50159
362171
480211
755232
268291
702217
847965
401351
885442
61314
911177
691025
515396
303631
546698
173209
836479
181904
287817
489553
5797
996398
544982
553068
682970
323788
417576
252380
294353
717468
79634
554037
918082
49038
17925
136881
139721
738018
102780
211661
897822
256159
389256
163152
86189
658268
178872
515051
586322
792699
427236
571260
351859
465782
695126
345325
837561
840145
782934
257465
265707
642799
578705
401039
761065
221825
434661
675535
561859
493145
626828
137329
109684
637596
685858
390341
281022
683350
975252
185364
767203
415848
478119
589222
183549
159516
653730
300125
768891
986265
129562
198975
36472
937586
688408
225489
65401
270616
568680
385758
942915
714736
457857
243031
775639
804352
421260
596372
964044
156290
227347
340664
63431
508315
927879
512243
472728
511141
477613
248418
618676
961256
147175
333841
404491
202280
104091
31136
619782
609688
252354
508931
867807
120748
484047
270947
668508
304524
134649
500770
208489
660772
914343
692604
336657
710360
742904
985288
131929
604373
34220
674846
176441
114563
981746
687187
822711
687127
510286
903456
159394
472068
109094
726177
631529
997713
869098
847353
391510
975558
19486
59602
127466
494336
771654
151426
310549
163364
166701
548681
843474
532080
939537
359607
869981
510573
188078
693547
98002
760449
410789
178741
464675
120673
464585
655773
221174
174627
836871
544253
256985
136241
303279
409865
134435
452953
641571
825327
646440
115138
757979
783769
757208
453242
210130
844368
324084
150762
165008
879866
972334
961323
275285
807300
623837
185137
819807
696986
357594
827365
47960
152339
218746
536081
497248
791979
924264
652661
945970
732008
733533
5494
672117
937565
118783
834998
181793
464076
745683
922239
494924
881190
295457
58328
835537
267055
848163
611450
889307
289213
822185
430300
819475
390751
920012
960491
872164
94107
629260
293590
179495
833423
739273
519173
600816
571960
988571
843625
953012
751889
328206
523950
700501
530835
112637
307150
698124
187611
98249
90111
364786
452138
908727
538444
773227
409926
82404
109698
320432
825533
564965
912001
655607
717321
792511
20914
20544
110159
87359
789783
898814
795522
482360
635645
840353
119717
442007
779663
237564
524717
34084
548037
662168
741188
225751
396665
556052
633130
272149
362394
829879
228214
85510
542009
338516
732795
74003
441537
66457
505797
216321
435268
676724
97539
602469
195312
201761
828286
966979
244704
126100
543303
808775
798862
812224
582128
42207
281319
308675
842032
425587
551479
507310
915498
323074
365316
248116
158151
490650
676982
747822
227519
254708
706867
499336
387063
175593
141385
185164
909381
189333
603973
823753
736463
382343
126176
432799
